 r0a,lxa,beta,a,rmaj0= 0.5,  0.59999999999999998,  1.00000000000000005E-4,  254.41565813212776,  706.7101614781327
 elon0,tria0,rmaj0p,stria0,selon0,q0,shat= 1.,  0.,  -0.,  2*0.,  1.4099999999999999,  0.54130991091942082
 xn0s(1,nr/2),xn0s(2,nr/2),t0s(1,nr/2),t0s(2,nr/2)= 1.0350481346624507,  NaN,  1.,  0.
 capns(1,nr/2),capns(2,nr/2),capts(1,nr/2),capts(2,nr/2)= 3.15542076964391016E-3,  0.,  9.84834575602002577E-3,  0.
 capne(nr/2),capte(nr/2)= 3.15542076964391016E-3,  9.84834575602002577E-3
 t0i0,t0e0,ni0,ne0= 2*1.,  2*1.0350481346624507
 a/cs= 359.79807421053187
 i,   sf,   ni,   ne,   nc,   ti,   tc,   capni,   capnc, captc
   0    0.929E+00  0.124E+01  0.124E+01        NaN  0.177E+01  0.177E+01  0.000E+00  0.000E+00  0.000E+00  0.000E+00  0.000E+00  0.000E+00  0.000E+00
   1    0.931E+00  0.124E+01  0.124E+01        NaN  0.177E+01  0.177E+01  0.000E+00  0.214E-05  0.214E-05  0.000E+00  0.668E-05  0.668E-05  0.000E+00
   2    0.932E+00  0.124E+01  0.124E+01        NaN  0.177E+01  0.177E+01  0.000E+00  0.863E-05  0.863E-05  0.000E+00  0.269E-04  0.269E-04  0.000E+00
   3    0.934E+00  0.124E+01  0.124E+01        NaN  0.176E+01  0.176E+01  0.000E+00  0.195E-04  0.195E-04  0.000E+00  0.610E-04  0.610E-04  0.000E+00
   4    0.936E+00  0.124E+01  0.124E+01        NaN  0.176E+01  0.176E+01  0.000E+00  0.349E-04  0.349E-04  0.000E+00  0.109E-03  0.109E-03  0.000E+00
   5    0.938E+00  0.124E+01  0.124E+01        NaN  0.175E+01  0.175E+01  0.000E+00  0.546E-04  0.546E-04  0.000E+00  0.171E-03  0.171E-03  0.000E+00
   6    0.939E+00  0.124E+01  0.124E+01        NaN  0.175E+01  0.175E+01  0.000E+00  0.788E-04  0.788E-04  0.000E+00  0.246E-03  0.246E-03  0.000E+00
   7    0.941E+00  0.124E+01  0.124E+01        NaN  0.175E+01  0.175E+01  0.000E+00  0.107E-03  0.107E-03  0.000E+00  0.335E-03  0.335E-03  0.000E+00
   8    0.943E+00  0.124E+01  0.124E+01        NaN  0.174E+01  0.174E+01  0.000E+00  0.140E-03  0.140E-03  0.000E+00  0.436E-03  0.436E-03  0.000E+00
   9    0.945E+00  0.124E+01  0.124E+01        NaN  0.174E+01  0.174E+01  0.000E+00  0.176E-03  0.176E-03  0.000E+00  0.550E-03  0.550E-03  0.000E+00
  10    0.947E+00  0.123E+01  0.123E+01        NaN  0.173E+01  0.173E+01  0.000E+00  0.216E-03  0.216E-03  0.000E+00  0.676E-03  0.676E-03  0.000E+00
  11    0.949E+00  0.123E+01  0.123E+01        NaN  0.173E+01  0.173E+01  0.000E+00  0.260E-03  0.260E-03  0.000E+00  0.812E-03  0.812E-03  0.000E+00
  12    0.951E+00  0.123E+01  0.123E+01        NaN  0.173E+01  0.173E+01  0.000E+00  0.307E-03  0.307E-03  0.000E+00  0.959E-03  0.959E-03  0.000E+00
  13    0.953E+00  0.123E+01  0.123E+01        NaN  0.172E+01  0.172E+01  0.000E+00  0.357E-03  0.357E-03  0.000E+00  0.111E-02  0.111E-02  0.000E+00
  14    0.955E+00  0.123E+01  0.123E+01        NaN  0.172E+01  0.172E+01  0.000E+00  0.410E-03  0.410E-03  0.000E+00  0.128E-02  0.128E-02  0.000E+00
  15    0.957E+00  0.123E+01  0.123E+01        NaN  0.171E+01  0.171E+01  0.000E+00  0.465E-03  0.465E-03  0.000E+00  0.145E-02  0.145E-02  0.000E+00
  16    0.959E+00  0.123E+01  0.123E+01        NaN  0.171E+01  0.171E+01  0.000E+00  0.521E-03  0.521E-03  0.000E+00  0.163E-02  0.163E-02  0.000E+00
  17    0.961E+00  0.123E+01  0.123E+01        NaN  0.170E+01  0.170E+01  0.000E+00  0.580E-03  0.580E-03  0.000E+00  0.181E-02  0.181E-02  0.000E+00
  18    0.963E+00  0.123E+01  0.123E+01        NaN  0.170E+01  0.170E+01  0.000E+00  0.639E-03  0.639E-03  0.000E+00  0.200E-02  0.200E-02  0.000E+00
  19    0.965E+00  0.123E+01  0.123E+01        NaN  0.170E+01  0.170E+01  0.000E+00  0.700E-03  0.700E-03  0.000E+00  0.219E-02  0.219E-02  0.000E+00
  20    0.967E+00  0.123E+01  0.123E+01        NaN  0.169E+01  0.169E+01  0.000E+00  0.761E-03  0.761E-03  0.000E+00  0.238E-02  0.238E-02  0.000E+00
  21    0.969E+00  0.122E+01  0.122E+01        NaN  0.169E+01  0.169E+01  0.000E+00  0.823E-03  0.823E-03  0.000E+00  0.257E-02  0.257E-02  0.000E+00
  22    0.971E+00  0.122E+01  0.122E+01        NaN  0.168E+01  0.168E+01  0.000E+00  0.884E-03  0.884E-03  0.000E+00  0.276E-02  0.276E-02  0.000E+00
  23    0.973E+00  0.122E+01  0.122E+01        NaN  0.168E+01  0.168E+01  0.000E+00  0.946E-03  0.946E-03  0.000E+00  0.295E-02  0.295E-02  0.000E+00
  24    0.975E+00  0.122E+01  0.122E+01        NaN  0.167E+01  0.167E+01  0.000E+00  0.101E-02  0.101E-02  0.000E+00  0.314E-02  0.314E-02  0.000E+00
  25    0.977E+00  0.122E+01  0.122E+01        NaN  0.167E+01  0.167E+01  0.000E+00  0.107E-02  0.107E-02  0.000E+00  0.333E-02  0.333E-02  0.000E+00
  26    0.980E+00  0.122E+01  0.122E+01        NaN  0.167E+01  0.167E+01  0.000E+00  0.112E-02  0.112E-02  0.000E+00  0.351E-02  0.351E-02  0.000E+00
  27    0.982E+00  0.122E+01  0.122E+01        NaN  0.166E+01  0.166E+01  0.000E+00  0.118E-02  0.118E-02  0.000E+00  0.369E-02  0.369E-02  0.000E+00
  28    0.984E+00  0.122E+01  0.122E+01        NaN  0.166E+01  0.166E+01  0.000E+00  0.124E-02  0.124E-02  0.000E+00  0.387E-02  0.387E-02  0.000E+00
  29    0.986E+00  0.122E+01  0.122E+01        NaN  0.165E+01  0.165E+01  0.000E+00  0.129E-02  0.129E-02  0.000E+00  0.404E-02  0.404E-02  0.000E+00
  30    0.989E+00  0.121E+01  0.121E+01        NaN  0.165E+01  0.165E+01  0.000E+00  0.135E-02  0.135E-02  0.000E+00  0.420E-02  0.420E-02  0.000E+00
  31    0.991E+00  0.121E+01  0.121E+01        NaN  0.164E+01  0.164E+01  0.000E+00  0.140E-02  0.140E-02  0.000E+00  0.436E-02  0.436E-02  0.000E+00
  32    0.993E+00  0.121E+01  0.121E+01        NaN  0.164E+01  0.164E+01  0.000E+00  0.145E-02  0.145E-02  0.000E+00  0.451E-02  0.451E-02  0.000E+00
  33    0.996E+00  0.121E+01  0.121E+01        NaN  0.163E+01  0.163E+01  0.000E+00  0.149E-02  0.149E-02  0.000E+00  0.466E-02  0.466E-02  0.000E+00
  34    0.998E+00  0.121E+01  0.121E+01        NaN  0.163E+01  0.163E+01  0.000E+00  0.154E-02  0.154E-02  0.000E+00  0.481E-02  0.481E-02  0.000E+00
  35    0.100E+01  0.121E+01  0.121E+01        NaN  0.162E+01  0.162E+01  0.000E+00  0.158E-02  0.158E-02  0.000E+00  0.494E-02  0.494E-02  0.000E+00
  36    0.100E+01  0.121E+01  0.121E+01        NaN  0.162E+01  0.162E+01  0.000E+00  0.162E-02  0.162E-02  0.000E+00  0.507E-02  0.507E-02  0.000E+00
  37    0.101E+01  0.121E+01  0.121E+01        NaN  0.161E+01  0.161E+01  0.000E+00  0.166E-02  0.166E-02  0.000E+00  0.520E-02  0.520E-02  0.000E+00
  38    0.101E+01  0.121E+01  0.121E+01        NaN  0.161E+01  0.161E+01  0.000E+00  0.170E-02  0.170E-02  0.000E+00  0.531E-02  0.531E-02  0.000E+00
  39    0.101E+01  0.120E+01  0.120E+01        NaN  0.160E+01  0.160E+01  0.000E+00  0.174E-02  0.174E-02  0.000E+00  0.543E-02  0.543E-02  0.000E+00
  40    0.101E+01  0.120E+01  0.120E+01        NaN  0.160E+01  0.160E+01  0.000E+00  0.177E-02  0.177E-02  0.000E+00  0.554E-02  0.554E-02  0.000E+00
  41    0.102E+01  0.120E+01  0.120E+01        NaN  0.159E+01  0.159E+01  0.000E+00  0.181E-02  0.181E-02  0.000E+00  0.564E-02  0.564E-02  0.000E+00
  42    0.102E+01  0.120E+01  0.120E+01        NaN  0.159E+01  0.159E+01  0.000E+00  0.184E-02  0.184E-02  0.000E+00  0.574E-02  0.574E-02  0.000E+00
  43    0.102E+01  0.120E+01  0.120E+01        NaN  0.159E+01  0.159E+01  0.000E+00  0.187E-02  0.187E-02  0.000E+00  0.583E-02  0.583E-02  0.000E+00
  44    0.102E+01  0.120E+01  0.120E+01        NaN  0.158E+01  0.158E+01  0.000E+00  0.190E-02  0.190E-02  0.000E+00  0.592E-02  0.592E-02  0.000E+00
  45    0.103E+01  0.120E+01  0.120E+01        NaN  0.158E+01  0.158E+01  0.000E+00  0.192E-02  0.192E-02  0.000E+00  0.601E-02  0.601E-02  0.000E+00
  46    0.103E+01  0.120E+01  0.120E+01        NaN  0.157E+01  0.157E+01  0.000E+00  0.195E-02  0.195E-02  0.000E+00  0.609E-02  0.609E-02  0.000E+00
  47    0.103E+01  0.119E+01  0.119E+01        NaN  0.156E+01  0.156E+01  0.000E+00  0.198E-02  0.198E-02  0.000E+00  0.617E-02  0.617E-02  0.000E+00
  48    0.103E+01  0.119E+01  0.119E+01        NaN  0.156E+01  0.156E+01  0.000E+00  0.200E-02  0.200E-02  0.000E+00  0.624E-02  0.624E-02  0.000E+00
  49    0.104E+01  0.119E+01  0.119E+01        NaN  0.155E+01  0.155E+01  0.000E+00  0.202E-02  0.202E-02  0.000E+00  0.631E-02  0.631E-02  0.000E+00
  50    0.104E+01  0.119E+01  0.119E+01        NaN  0.155E+01  0.155E+01  0.000E+00  0.205E-02  0.205E-02  0.000E+00  0.638E-02  0.638E-02  0.000E+00
  51    0.104E+01  0.119E+01  0.119E+01        NaN  0.154E+01  0.154E+01  0.000E+00  0.207E-02  0.207E-02  0.000E+00  0.645E-02  0.645E-02  0.000E+00
  52    0.104E+01  0.119E+01  0.119E+01        NaN  0.154E+01  0.154E+01  0.000E+00  0.209E-02  0.209E-02  0.000E+00  0.652E-02  0.652E-02  0.000E+00
  53    0.105E+01  0.119E+01  0.119E+01        NaN  0.153E+01  0.153E+01  0.000E+00  0.211E-02  0.211E-02  0.000E+00  0.658E-02  0.658E-02  0.000E+00
  54    0.105E+01  0.119E+01  0.119E+01        NaN  0.153E+01  0.153E+01  0.000E+00  0.213E-02  0.213E-02  0.000E+00  0.664E-02  0.664E-02  0.000E+00
  55    0.105E+01  0.118E+01  0.118E+01        NaN  0.152E+01  0.152E+01  0.000E+00  0.215E-02  0.215E-02  0.000E+00  0.670E-02  0.670E-02  0.000E+00
  56    0.106E+01  0.118E+01  0.118E+01        NaN  0.152E+01  0.152E+01  0.000E+00  0.217E-02  0.217E-02  0.000E+00  0.676E-02  0.676E-02  0.000E+00
  57    0.106E+01  0.118E+01  0.118E+01        NaN  0.151E+01  0.151E+01  0.000E+00  0.218E-02  0.218E-02  0.000E+00  0.682E-02  0.682E-02  0.000E+00
  58    0.106E+01  0.118E+01  0.118E+01        NaN  0.151E+01  0.151E+01  0.000E+00  0.220E-02  0.220E-02  0.000E+00  0.688E-02  0.688E-02  0.000E+00
  59    0.106E+01  0.118E+01  0.118E+01        NaN  0.150E+01  0.150E+01  0.000E+00  0.222E-02  0.222E-02  0.000E+00  0.693E-02  0.693E-02  0.000E+00
  60    0.107E+01  0.118E+01  0.118E+01        NaN  0.150E+01  0.150E+01  0.000E+00  0.224E-02  0.224E-02  0.000E+00  0.699E-02  0.699E-02  0.000E+00
  61    0.107E+01  0.118E+01  0.118E+01        NaN  0.149E+01  0.149E+01  0.000E+00  0.226E-02  0.226E-02  0.000E+00  0.704E-02  0.704E-02  0.000E+00
  62    0.107E+01  0.118E+01  0.118E+01        NaN  0.149E+01  0.149E+01  0.000E+00  0.227E-02  0.227E-02  0.000E+00  0.709E-02  0.709E-02  0.000E+00
  63    0.108E+01  0.117E+01  0.117E+01        NaN  0.148E+01  0.148E+01  0.000E+00  0.229E-02  0.229E-02  0.000E+00  0.715E-02  0.715E-02  0.000E+00
  64    0.108E+01  0.117E+01  0.117E+01        NaN  0.148E+01  0.148E+01  0.000E+00  0.231E-02  0.231E-02  0.000E+00  0.720E-02  0.720E-02  0.000E+00
  65    0.108E+01  0.117E+01  0.117E+01        NaN  0.147E+01  0.147E+01  0.000E+00  0.232E-02  0.232E-02  0.000E+00  0.725E-02  0.725E-02  0.000E+00
  66    0.108E+01  0.117E+01  0.117E+01        NaN  0.146E+01  0.146E+01  0.000E+00  0.234E-02  0.234E-02  0.000E+00  0.730E-02  0.730E-02  0.000E+00
  67    0.109E+01  0.117E+01  0.117E+01        NaN  0.146E+01  0.146E+01  0.000E+00  0.236E-02  0.236E-02  0.000E+00  0.735E-02  0.735E-02  0.000E+00
  68    0.109E+01  0.117E+01  0.117E+01        NaN  0.145E+01  0.145E+01  0.000E+00  0.237E-02  0.237E-02  0.000E+00  0.740E-02  0.740E-02  0.000E+00
  69    0.109E+01  0.117E+01  0.117E+01        NaN  0.145E+01  0.145E+01  0.000E+00  0.239E-02  0.239E-02  0.000E+00  0.745E-02  0.745E-02  0.000E+00
  70    0.110E+01  0.116E+01  0.116E+01        NaN  0.144E+01  0.144E+01  0.000E+00  0.240E-02  0.240E-02  0.000E+00  0.750E-02  0.750E-02  0.000E+00
  71    0.110E+01  0.116E+01  0.116E+01        NaN  0.144E+01  0.144E+01  0.000E+00  0.242E-02  0.242E-02  0.000E+00  0.755E-02  0.755E-02  0.000E+00
  72    0.110E+01  0.116E+01  0.116E+01        NaN  0.143E+01  0.143E+01  0.000E+00  0.243E-02  0.243E-02  0.000E+00  0.760E-02  0.760E-02  0.000E+00
  73    0.111E+01  0.116E+01  0.116E+01        NaN  0.143E+01  0.143E+01  0.000E+00  0.245E-02  0.245E-02  0.000E+00  0.765E-02  0.765E-02  0.000E+00
  74    0.111E+01  0.116E+01  0.116E+01        NaN  0.142E+01  0.142E+01  0.000E+00  0.247E-02  0.247E-02  0.000E+00  0.770E-02  0.770E-02  0.000E+00
  75    0.111E+01  0.116E+01  0.116E+01        NaN  0.142E+01  0.142E+01  0.000E+00  0.248E-02  0.248E-02  0.000E+00  0.774E-02  0.774E-02  0.000E+00
  76    0.112E+01  0.116E+01  0.116E+01        NaN  0.141E+01  0.141E+01  0.000E+00  0.250E-02  0.250E-02  0.000E+00  0.779E-02  0.779E-02  0.000E+00
  77    0.112E+01  0.115E+01  0.115E+01        NaN  0.140E+01  0.140E+01  0.000E+00  0.251E-02  0.251E-02  0.000E+00  0.784E-02  0.784E-02  0.000E+00
  78    0.112E+01  0.115E+01  0.115E+01        NaN  0.140E+01  0.140E+01  0.000E+00  0.253E-02  0.253E-02  0.000E+00  0.789E-02  0.789E-02  0.000E+00
  79    0.113E+01  0.115E+01  0.115E+01        NaN  0.139E+01  0.139E+01  0.000E+00  0.254E-02  0.254E-02  0.000E+00  0.793E-02  0.793E-02  0.000E+00
  80    0.113E+01  0.115E+01  0.115E+01        NaN  0.139E+01  0.139E+01  0.000E+00  0.256E-02  0.256E-02  0.000E+00  0.798E-02  0.798E-02  0.000E+00
  81    0.113E+01  0.115E+01  0.115E+01        NaN  0.138E+01  0.138E+01  0.000E+00  0.257E-02  0.257E-02  0.000E+00  0.803E-02  0.803E-02  0.000E+00
  82    0.114E+01  0.115E+01  0.115E+01        NaN  0.138E+01  0.138E+01  0.000E+00  0.259E-02  0.259E-02  0.000E+00  0.807E-02  0.807E-02  0.000E+00
  83    0.114E+01  0.114E+01  0.114E+01        NaN  0.137E+01  0.137E+01  0.000E+00  0.260E-02  0.260E-02  0.000E+00  0.812E-02  0.812E-02  0.000E+00
  84    0.114E+01  0.114E+01  0.114E+01        NaN  0.136E+01  0.136E+01  0.000E+00  0.262E-02  0.262E-02  0.000E+00  0.816E-02  0.816E-02  0.000E+00
  85    0.115E+01  0.114E+01  0.114E+01        NaN  0.136E+01  0.136E+01  0.000E+00  0.263E-02  0.263E-02  0.000E+00  0.821E-02  0.821E-02  0.000E+00
  86    0.115E+01  0.114E+01  0.114E+01        NaN  0.135E+01  0.135E+01  0.000E+00  0.264E-02  0.264E-02  0.000E+00  0.825E-02  0.825E-02  0.000E+00
  87    0.115E+01  0.114E+01  0.114E+01        NaN  0.135E+01  0.135E+01  0.000E+00  0.266E-02  0.266E-02  0.000E+00  0.830E-02  0.830E-02  0.000E+00
  88    0.116E+01  0.114E+01  0.114E+01        NaN  0.134E+01  0.134E+01  0.000E+00  0.267E-02  0.267E-02  0.000E+00  0.834E-02  0.834E-02  0.000E+00
  89    0.116E+01  0.114E+01  0.114E+01        NaN  0.134E+01  0.134E+01  0.000E+00  0.269E-02  0.269E-02  0.000E+00  0.838E-02  0.838E-02  0.000E+00
  90    0.116E+01  0.113E+01  0.113E+01        NaN  0.133E+01  0.133E+01  0.000E+00  0.270E-02  0.270E-02  0.000E+00  0.843E-02  0.843E-02  0.000E+00
  91    0.117E+01  0.113E+01  0.113E+01        NaN  0.132E+01  0.132E+01  0.000E+00  0.271E-02  0.271E-02  0.000E+00  0.847E-02  0.847E-02  0.000E+00
  92    0.117E+01  0.113E+01  0.113E+01        NaN  0.132E+01  0.132E+01  0.000E+00  0.273E-02  0.273E-02  0.000E+00  0.851E-02  0.851E-02  0.000E+00
  93    0.117E+01  0.113E+01  0.113E+01        NaN  0.131E+01  0.131E+01  0.000E+00  0.274E-02  0.274E-02  0.000E+00  0.855E-02  0.855E-02  0.000E+00
  94    0.118E+01  0.113E+01  0.113E+01        NaN  0.131E+01  0.131E+01  0.000E+00  0.275E-02  0.275E-02  0.000E+00  0.859E-02  0.859E-02  0.000E+00
  95    0.118E+01  0.113E+01  0.113E+01        NaN  0.130E+01  0.130E+01  0.000E+00  0.277E-02  0.277E-02  0.000E+00  0.863E-02  0.863E-02  0.000E+00
  96    0.118E+01  0.112E+01  0.112E+01        NaN  0.130E+01  0.130E+01  0.000E+00  0.278E-02  0.278E-02  0.000E+00  0.867E-02  0.867E-02  0.000E+00
  97    0.119E+01  0.112E+01  0.112E+01        NaN  0.129E+01  0.129E+01  0.000E+00  0.279E-02  0.279E-02  0.000E+00  0.871E-02  0.871E-02  0.000E+00
  98    0.119E+01  0.112E+01  0.112E+01        NaN  0.128E+01  0.128E+01  0.000E+00  0.280E-02  0.280E-02  0.000E+00  0.875E-02  0.875E-02  0.000E+00
  99    0.120E+01  0.112E+01  0.112E+01        NaN  0.128E+01  0.128E+01  0.000E+00  0.282E-02  0.282E-02  0.000E+00  0.879E-02  0.879E-02  0.000E+00
 100    0.120E+01  0.112E+01  0.112E+01        NaN  0.127E+01  0.127E+01  0.000E+00  0.283E-02  0.283E-02  0.000E+00  0.883E-02  0.883E-02  0.000E+00
 101    0.120E+01  0.112E+01  0.112E+01        NaN  0.127E+01  0.127E+01  0.000E+00  0.284E-02  0.284E-02  0.000E+00  0.887E-02  0.887E-02  0.000E+00
 102    0.121E+01  0.112E+01  0.112E+01        NaN  0.126E+01  0.126E+01  0.000E+00  0.285E-02  0.285E-02  0.000E+00  0.890E-02  0.890E-02  0.000E+00
 103    0.121E+01  0.111E+01  0.111E+01        NaN  0.126E+01  0.126E+01  0.000E+00  0.286E-02  0.286E-02  0.000E+00  0.894E-02  0.894E-02  0.000E+00
 104    0.121E+01  0.111E+01  0.111E+01        NaN  0.125E+01  0.125E+01  0.000E+00  0.288E-02  0.288E-02  0.000E+00  0.898E-02  0.898E-02  0.000E+00
 105    0.122E+01  0.111E+01  0.111E+01        NaN  0.124E+01  0.124E+01  0.000E+00  0.289E-02  0.289E-02  0.000E+00  0.901E-02  0.901E-02  0.000E+00
 106    0.122E+01  0.111E+01  0.111E+01        NaN  0.124E+01  0.124E+01  0.000E+00  0.290E-02  0.290E-02  0.000E+00  0.905E-02  0.905E-02  0.000E+00
 107    0.123E+01  0.111E+01  0.111E+01        NaN  0.123E+01  0.123E+01  0.000E+00  0.291E-02  0.291E-02  0.000E+00  0.908E-02  0.908E-02  0.000E+00
 108    0.123E+01  0.111E+01  0.111E+01        NaN  0.123E+01  0.123E+01  0.000E+00  0.292E-02  0.292E-02  0.000E+00  0.911E-02  0.911E-02  0.000E+00
 109    0.123E+01  0.110E+01  0.110E+01        NaN  0.122E+01  0.122E+01  0.000E+00  0.293E-02  0.293E-02  0.000E+00  0.915E-02  0.915E-02  0.000E+00
 110    0.124E+01  0.110E+01  0.110E+01        NaN  0.122E+01  0.122E+01  0.000E+00  0.294E-02  0.294E-02  0.000E+00  0.918E-02  0.918E-02  0.000E+00
 111    0.124E+01  0.110E+01  0.110E+01        NaN  0.121E+01  0.121E+01  0.000E+00  0.295E-02  0.295E-02  0.000E+00  0.921E-02  0.921E-02  0.000E+00
 112    0.125E+01  0.110E+01  0.110E+01        NaN  0.120E+01  0.120E+01  0.000E+00  0.296E-02  0.296E-02  0.000E+00  0.924E-02  0.924E-02  0.000E+00
 113    0.125E+01  0.110E+01  0.110E+01        NaN  0.120E+01  0.120E+01  0.000E+00  0.297E-02  0.297E-02  0.000E+00  0.927E-02  0.927E-02  0.000E+00
 114    0.125E+01  0.110E+01  0.110E+01        NaN  0.119E+01  0.119E+01  0.000E+00  0.298E-02  0.298E-02  0.000E+00  0.930E-02  0.930E-02  0.000E+00
 115    0.126E+01  0.109E+01  0.109E+01        NaN  0.119E+01  0.119E+01  0.000E+00  0.299E-02  0.299E-02  0.000E+00  0.933E-02  0.933E-02  0.000E+00
 116    0.126E+01  0.109E+01  0.109E+01        NaN  0.118E+01  0.118E+01  0.000E+00  0.300E-02  0.300E-02  0.000E+00  0.936E-02  0.936E-02  0.000E+00
 117    0.127E+01  0.109E+01  0.109E+01        NaN  0.118E+01  0.118E+01  0.000E+00  0.301E-02  0.301E-02  0.000E+00  0.939E-02  0.939E-02  0.000E+00
 118    0.127E+01  0.109E+01  0.109E+01        NaN  0.117E+01  0.117E+01  0.000E+00  0.302E-02  0.302E-02  0.000E+00  0.941E-02  0.941E-02  0.000E+00
 119    0.127E+01  0.109E+01  0.109E+01        NaN  0.117E+01  0.117E+01  0.000E+00  0.302E-02  0.302E-02  0.000E+00  0.944E-02  0.944E-02  0.000E+00
 120    0.128E+01  0.109E+01  0.109E+01        NaN  0.116E+01  0.116E+01  0.000E+00  0.303E-02  0.303E-02  0.000E+00  0.946E-02  0.946E-02  0.000E+00
 121    0.128E+01  0.108E+01  0.108E+01        NaN  0.115E+01  0.115E+01  0.000E+00  0.304E-02  0.304E-02  0.000E+00  0.949E-02  0.949E-02  0.000E+00
 122    0.129E+01  0.108E+01  0.108E+01        NaN  0.115E+01  0.115E+01  0.000E+00  0.305E-02  0.305E-02  0.000E+00  0.951E-02  0.951E-02  0.000E+00
 123    0.129E+01  0.108E+01  0.108E+01        NaN  0.114E+01  0.114E+01  0.000E+00  0.306E-02  0.306E-02  0.000E+00  0.954E-02  0.954E-02  0.000E+00
 124    0.129E+01  0.108E+01  0.108E+01        NaN  0.114E+01  0.114E+01  0.000E+00  0.306E-02  0.306E-02  0.000E+00  0.956E-02  0.956E-02  0.000E+00
 125    0.130E+01  0.108E+01  0.108E+01        NaN  0.113E+01  0.113E+01  0.000E+00  0.307E-02  0.307E-02  0.000E+00  0.958E-02  0.958E-02  0.000E+00
 126    0.130E+01  0.108E+01  0.108E+01        NaN  0.113E+01  0.113E+01  0.000E+00  0.308E-02  0.308E-02  0.000E+00  0.960E-02  0.960E-02  0.000E+00
 127    0.131E+01  0.107E+01  0.107E+01        NaN  0.112E+01  0.112E+01  0.000E+00  0.308E-02  0.308E-02  0.000E+00  0.962E-02  0.962E-02  0.000E+00
 128    0.131E+01  0.107E+01  0.107E+01        NaN  0.112E+01  0.112E+01  0.000E+00  0.309E-02  0.309E-02  0.000E+00  0.964E-02  0.964E-02  0.000E+00
 129    0.132E+01  0.107E+01  0.107E+01        NaN  0.111E+01  0.111E+01  0.000E+00  0.309E-02  0.309E-02  0.000E+00  0.966E-02  0.966E-02  0.000E+00
 130    0.132E+01  0.107E+01  0.107E+01        NaN  0.110E+01  0.110E+01  0.000E+00  0.310E-02  0.310E-02  0.000E+00  0.968E-02  0.968E-02  0.000E+00
 131    0.132E+01  0.107E+01  0.107E+01        NaN  0.110E+01  0.110E+01  0.000E+00  0.311E-02  0.311E-02  0.000E+00  0.969E-02  0.969E-02  0.000E+00
 132    0.133E+01  0.107E+01  0.107E+01        NaN  0.109E+01  0.109E+01  0.000E+00  0.311E-02  0.311E-02  0.000E+00  0.971E-02  0.971E-02  0.000E+00
 133    0.133E+01  0.106E+01  0.106E+01        NaN  0.109E+01  0.109E+01  0.000E+00  0.312E-02  0.312E-02  0.000E+00  0.972E-02  0.972E-02  0.000E+00
 134    0.134E+01  0.106E+01  0.106E+01        NaN  0.108E+01  0.108E+01  0.000E+00  0.312E-02  0.312E-02  0.000E+00  0.974E-02  0.974E-02  0.000E+00
 135    0.134E+01  0.106E+01  0.106E+01        NaN  0.108E+01  0.108E+01  0.000E+00  0.312E-02  0.312E-02  0.000E+00  0.975E-02  0.975E-02  0.000E+00
 136    0.135E+01  0.106E+01  0.106E+01        NaN  0.107E+01  0.107E+01  0.000E+00  0.313E-02  0.313E-02  0.000E+00  0.976E-02  0.976E-02  0.000E+00
 137    0.135E+01  0.106E+01  0.106E+01        NaN  0.107E+01  0.107E+01  0.000E+00  0.313E-02  0.313E-02  0.000E+00  0.977E-02  0.977E-02  0.000E+00
 138    0.135E+01  0.106E+01  0.106E+01        NaN  0.106E+01  0.106E+01  0.000E+00  0.314E-02  0.314E-02  0.000E+00  0.979E-02  0.979E-02  0.000E+00
 139    0.136E+01  0.105E+01  0.105E+01        NaN  0.106E+01  0.106E+01  0.000E+00  0.314E-02  0.314E-02  0.000E+00  0.980E-02  0.980E-02  0.000E+00
 140    0.136E+01  0.105E+01  0.105E+01        NaN  0.105E+01  0.105E+01  0.000E+00  0.314E-02  0.314E-02  0.000E+00  0.980E-02  0.980E-02  0.000E+00
 141    0.137E+01  0.105E+01  0.105E+01        NaN  0.105E+01  0.105E+01  0.000E+00  0.314E-02  0.314E-02  0.000E+00  0.981E-02  0.981E-02  0.000E+00
 142    0.137E+01  0.105E+01  0.105E+01        NaN  0.104E+01  0.104E+01  0.000E+00  0.315E-02  0.315E-02  0.000E+00  0.982E-02  0.982E-02  0.000E+00
 143    0.138E+01  0.105E+01  0.105E+01        NaN  0.104E+01  0.104E+01  0.000E+00  0.315E-02  0.315E-02  0.000E+00  0.983E-02  0.983E-02  0.000E+00
 144    0.138E+01  0.105E+01  0.105E+01        NaN  0.103E+01  0.103E+01  0.000E+00  0.315E-02  0.315E-02  0.000E+00  0.983E-02  0.983E-02  0.000E+00
 145    0.139E+01  0.104E+01  0.104E+01        NaN  0.103E+01  0.103E+01  0.000E+00  0.315E-02  0.315E-02  0.000E+00  0.984E-02  0.984E-02  0.000E+00
 146    0.139E+01  0.104E+01  0.104E+01        NaN  0.102E+01  0.102E+01  0.000E+00  0.315E-02  0.315E-02  0.000E+00  0.984E-02  0.984E-02  0.000E+00
 147    0.140E+01  0.104E+01  0.104E+01        NaN  0.102E+01  0.102E+01  0.000E+00  0.315E-02  0.315E-02  0.000E+00  0.984E-02  0.984E-02  0.000E+00
 148    0.140E+01  0.104E+01  0.104E+01        NaN  0.101E+01  0.101E+01  0.000E+00  0.315E-02  0.315E-02  0.000E+00  0.985E-02  0.985E-02  0.000E+00
 149    0.141E+01  0.104E+01  0.104E+01        NaN  0.101E+01  0.101E+01  0.000E+00  0.316E-02  0.316E-02  0.000E+00  0.985E-02  0.985E-02  0.000E+00
 150    0.141E+01  0.104E+01  0.104E+01        NaN  0.100E+01  0.100E+01  0.000E+00  0.316E-02  0.316E-02  0.000E+00  0.985E-02  0.985E-02  0.000E+00
 151    0.141E+01  0.103E+01  0.103E+01        NaN  0.995E+00  0.995E+00  0.000E+00  0.316E-02  0.316E-02  0.000E+00  0.985E-02  0.985E-02  0.000E+00
 152    0.142E+01  0.103E+01  0.103E+01        NaN  0.990E+00  0.990E+00  0.000E+00  0.315E-02  0.315E-02  0.000E+00  0.985E-02  0.985E-02  0.000E+00
 153    0.142E+01  0.103E+01  0.103E+01        NaN  0.985E+00  0.985E+00  0.000E+00  0.315E-02  0.315E-02  0.000E+00  0.984E-02  0.984E-02  0.000E+00
 154    0.143E+01  0.103E+01  0.103E+01        NaN  0.980E+00  0.980E+00  0.000E+00  0.315E-02  0.315E-02  0.000E+00  0.984E-02  0.984E-02  0.000E+00
 155    0.143E+01  0.103E+01  0.103E+01        NaN  0.975E+00  0.975E+00  0.000E+00  0.315E-02  0.315E-02  0.000E+00  0.984E-02  0.984E-02  0.000E+00
 156    0.144E+01  0.103E+01  0.103E+01        NaN  0.970E+00  0.970E+00  0.000E+00  0.315E-02  0.315E-02  0.000E+00  0.983E-02  0.983E-02  0.000E+00
 157    0.144E+01  0.102E+01  0.102E+01        NaN  0.966E+00  0.966E+00  0.000E+00  0.315E-02  0.315E-02  0.000E+00  0.983E-02  0.983E-02  0.000E+00
 158    0.145E+01  0.102E+01  0.102E+01        NaN  0.961E+00  0.961E+00  0.000E+00  0.315E-02  0.315E-02  0.000E+00  0.982E-02  0.982E-02  0.000E+00
 159    0.145E+01  0.102E+01  0.102E+01        NaN  0.956E+00  0.956E+00  0.000E+00  0.314E-02  0.314E-02  0.000E+00  0.981E-02  0.981E-02  0.000E+00
 160    0.146E+01  0.102E+01  0.102E+01        NaN  0.951E+00  0.951E+00  0.000E+00  0.314E-02  0.314E-02  0.000E+00  0.980E-02  0.980E-02  0.000E+00
 161    0.146E+01  0.102E+01  0.102E+01        NaN  0.946E+00  0.946E+00  0.000E+00  0.314E-02  0.314E-02  0.000E+00  0.980E-02  0.980E-02  0.000E+00
 162    0.147E+01  0.102E+01  0.102E+01        NaN  0.942E+00  0.942E+00  0.000E+00  0.314E-02  0.314E-02  0.000E+00  0.979E-02  0.979E-02  0.000E+00
 163    0.147E+01  0.101E+01  0.101E+01        NaN  0.937E+00  0.937E+00  0.000E+00  0.313E-02  0.313E-02  0.000E+00  0.977E-02  0.977E-02  0.000E+00
 164    0.148E+01  0.101E+01  0.101E+01        NaN  0.932E+00  0.932E+00  0.000E+00  0.313E-02  0.313E-02  0.000E+00  0.976E-02  0.976E-02  0.000E+00
 165    0.148E+01  0.101E+01  0.101E+01        NaN  0.928E+00  0.928E+00  0.000E+00  0.312E-02  0.312E-02  0.000E+00  0.975E-02  0.975E-02  0.000E+00
 166    0.149E+01  0.101E+01  0.101E+01        NaN  0.923E+00  0.923E+00  0.000E+00  0.312E-02  0.312E-02  0.000E+00  0.974E-02  0.974E-02  0.000E+00
 167    0.149E+01  0.101E+01  0.101E+01        NaN  0.919E+00  0.919E+00  0.000E+00  0.312E-02  0.312E-02  0.000E+00  0.972E-02  0.972E-02  0.000E+00
 168    0.150E+01  0.101E+01  0.101E+01        NaN  0.914E+00  0.914E+00  0.000E+00  0.311E-02  0.311E-02  0.000E+00  0.971E-02  0.971E-02  0.000E+00
 169    0.150E+01  0.100E+01  0.100E+01        NaN  0.910E+00  0.910E+00  0.000E+00  0.311E-02  0.311E-02  0.000E+00  0.969E-02  0.969E-02  0.000E+00
 170    0.151E+01  0.100E+01  0.100E+01        NaN  0.905E+00  0.905E+00  0.000E+00  0.310E-02  0.310E-02  0.000E+00  0.968E-02  0.968E-02  0.000E+00
 171    0.151E+01  0.100E+01  0.100E+01        NaN  0.901E+00  0.901E+00  0.000E+00  0.309E-02  0.309E-02  0.000E+00  0.966E-02  0.966E-02  0.000E+00
 172    0.152E+01  0.999E+00  0.999E+00        NaN  0.896E+00  0.896E+00  0.000E+00  0.309E-02  0.309E-02  0.000E+00  0.964E-02  0.964E-02  0.000E+00
 173    0.152E+01  0.998E+00  0.998E+00        NaN  0.892E+00  0.892E+00  0.000E+00  0.308E-02  0.308E-02  0.000E+00  0.962E-02  0.962E-02  0.000E+00
 174    0.153E+01  0.996E+00  0.996E+00        NaN  0.888E+00  0.888E+00  0.000E+00  0.308E-02  0.308E-02  0.000E+00  0.960E-02  0.960E-02  0.000E+00
 175    0.153E+01  0.995E+00  0.995E+00        NaN  0.883E+00  0.883E+00  0.000E+00  0.307E-02  0.307E-02  0.000E+00  0.958E-02  0.958E-02  0.000E+00
 176    0.154E+01  0.993E+00  0.993E+00        NaN  0.879E+00  0.879E+00  0.000E+00  0.306E-02  0.306E-02  0.000E+00  0.956E-02  0.956E-02  0.000E+00
 177    0.154E+01  0.992E+00  0.992E+00        NaN  0.875E+00  0.875E+00  0.000E+00  0.306E-02  0.306E-02  0.000E+00  0.954E-02  0.954E-02  0.000E+00
 178    0.155E+01  0.990E+00  0.990E+00        NaN  0.870E+00  0.870E+00  0.000E+00  0.305E-02  0.305E-02  0.000E+00  0.951E-02  0.951E-02  0.000E+00
 179    0.156E+01  0.989E+00  0.989E+00        NaN  0.866E+00  0.866E+00  0.000E+00  0.304E-02  0.304E-02  0.000E+00  0.949E-02  0.949E-02  0.000E+00
 180    0.156E+01  0.987E+00  0.987E+00        NaN  0.862E+00  0.862E+00  0.000E+00  0.303E-02  0.303E-02  0.000E+00  0.946E-02  0.946E-02  0.000E+00
 181    0.157E+01  0.985E+00  0.985E+00        NaN  0.858E+00  0.858E+00  0.000E+00  0.302E-02  0.302E-02  0.000E+00  0.944E-02  0.944E-02  0.000E+00
 182    0.157E+01  0.984E+00  0.984E+00        NaN  0.854E+00  0.854E+00  0.000E+00  0.302E-02  0.302E-02  0.000E+00  0.941E-02  0.941E-02  0.000E+00
 183    0.158E+01  0.982E+00  0.982E+00        NaN  0.850E+00  0.850E+00  0.000E+00  0.301E-02  0.301E-02  0.000E+00  0.939E-02  0.939E-02  0.000E+00
 184    0.158E+01  0.981E+00  0.981E+00        NaN  0.846E+00  0.846E+00  0.000E+00  0.300E-02  0.300E-02  0.000E+00  0.936E-02  0.936E-02  0.000E+00
 185    0.159E+01  0.979E+00  0.979E+00        NaN  0.842E+00  0.842E+00  0.000E+00  0.299E-02  0.299E-02  0.000E+00  0.933E-02  0.933E-02  0.000E+00
 186    0.159E+01  0.978E+00  0.978E+00        NaN  0.838E+00  0.838E+00  0.000E+00  0.298E-02  0.298E-02  0.000E+00  0.930E-02  0.930E-02  0.000E+00
 187    0.160E+01  0.976E+00  0.976E+00        NaN  0.834E+00  0.834E+00  0.000E+00  0.297E-02  0.297E-02  0.000E+00  0.927E-02  0.927E-02  0.000E+00
 188    0.160E+01  0.975E+00  0.975E+00        NaN  0.830E+00  0.830E+00  0.000E+00  0.296E-02  0.296E-02  0.000E+00  0.924E-02  0.924E-02  0.000E+00
 189    0.161E+01  0.974E+00  0.974E+00        NaN  0.826E+00  0.826E+00  0.000E+00  0.295E-02  0.295E-02  0.000E+00  0.921E-02  0.921E-02  0.000E+00
 190    0.161E+01  0.972E+00  0.972E+00        NaN  0.822E+00  0.822E+00  0.000E+00  0.294E-02  0.294E-02  0.000E+00  0.918E-02  0.918E-02  0.000E+00
 191    0.162E+01  0.971E+00  0.971E+00        NaN  0.818E+00  0.818E+00  0.000E+00  0.293E-02  0.293E-02  0.000E+00  0.915E-02  0.915E-02  0.000E+00
 192    0.163E+01  0.969E+00  0.969E+00        NaN  0.815E+00  0.815E+00  0.000E+00  0.292E-02  0.292E-02  0.000E+00  0.911E-02  0.911E-02  0.000E+00
 193    0.163E+01  0.968E+00  0.968E+00        NaN  0.811E+00  0.811E+00  0.000E+00  0.291E-02  0.291E-02  0.000E+00  0.908E-02  0.908E-02  0.000E+00
 194    0.164E+01  0.966E+00  0.966E+00        NaN  0.807E+00  0.807E+00  0.000E+00  0.290E-02  0.290E-02  0.000E+00  0.905E-02  0.905E-02  0.000E+00
 195    0.164E+01  0.965E+00  0.965E+00        NaN  0.803E+00  0.803E+00  0.000E+00  0.289E-02  0.289E-02  0.000E+00  0.901E-02  0.901E-02  0.000E+00
 196    0.165E+01  0.964E+00  0.964E+00        NaN  0.800E+00  0.800E+00  0.000E+00  0.288E-02  0.288E-02  0.000E+00  0.898E-02  0.898E-02  0.000E+00
 197    0.165E+01  0.962E+00  0.962E+00        NaN  0.796E+00  0.796E+00  0.000E+00  0.286E-02  0.286E-02  0.000E+00  0.894E-02  0.894E-02  0.000E+00
 198    0.166E+01  0.961E+00  0.961E+00        NaN  0.792E+00  0.792E+00  0.000E+00  0.285E-02  0.285E-02  0.000E+00  0.891E-02  0.891E-02  0.000E+00
 199    0.167E+01  0.959E+00  0.959E+00        NaN  0.789E+00  0.789E+00  0.000E+00  0.284E-02  0.284E-02  0.000E+00  0.887E-02  0.887E-02  0.000E+00
 200    0.167E+01  0.958E+00  0.958E+00        NaN  0.785E+00  0.785E+00  0.000E+00  0.283E-02  0.283E-02  0.000E+00  0.883E-02  0.883E-02  0.000E+00
 201    0.168E+01  0.957E+00  0.957E+00        NaN  0.782E+00  0.782E+00  0.000E+00  0.282E-02  0.282E-02  0.000E+00  0.879E-02  0.879E-02  0.000E+00
 202    0.168E+01  0.955E+00  0.955E+00        NaN  0.778E+00  0.778E+00  0.000E+00  0.280E-02  0.280E-02  0.000E+00  0.875E-02  0.875E-02  0.000E+00
 203    0.169E+01  0.954E+00  0.954E+00        NaN  0.775E+00  0.775E+00  0.000E+00  0.279E-02  0.279E-02  0.000E+00  0.871E-02  0.871E-02  0.000E+00
 204    0.169E+01  0.952E+00  0.952E+00        NaN  0.771E+00  0.771E+00  0.000E+00  0.278E-02  0.278E-02  0.000E+00  0.867E-02  0.867E-02  0.000E+00
 205    0.170E+01  0.951E+00  0.951E+00        NaN  0.768E+00  0.768E+00  0.000E+00  0.277E-02  0.277E-02  0.000E+00  0.863E-02  0.863E-02  0.000E+00
 206    0.171E+01  0.950E+00  0.950E+00        NaN  0.765E+00  0.765E+00  0.000E+00  0.275E-02  0.275E-02  0.000E+00  0.859E-02  0.859E-02  0.000E+00
 207    0.171E+01  0.948E+00  0.948E+00        NaN  0.761E+00  0.761E+00  0.000E+00  0.274E-02  0.274E-02  0.000E+00  0.855E-02  0.855E-02  0.000E+00
 208    0.172E+01  0.947E+00  0.947E+00        NaN  0.758E+00  0.758E+00  0.000E+00  0.273E-02  0.273E-02  0.000E+00  0.851E-02  0.851E-02  0.000E+00
 209    0.172E+01  0.946E+00  0.946E+00        NaN  0.755E+00  0.755E+00  0.000E+00  0.271E-02  0.271E-02  0.000E+00  0.847E-02  0.847E-02  0.000E+00
 210    0.173E+01  0.945E+00  0.945E+00        NaN  0.752E+00  0.752E+00  0.000E+00  0.270E-02  0.270E-02  0.000E+00  0.843E-02  0.843E-02  0.000E+00
 211    0.174E+01  0.943E+00  0.943E+00        NaN  0.748E+00  0.748E+00  0.000E+00  0.269E-02  0.269E-02  0.000E+00  0.838E-02  0.838E-02  0.000E+00
 212    0.174E+01  0.942E+00  0.942E+00        NaN  0.745E+00  0.745E+00  0.000E+00  0.267E-02  0.267E-02  0.000E+00  0.834E-02  0.834E-02  0.000E+00
 213    0.175E+01  0.941E+00  0.941E+00        NaN  0.742E+00  0.742E+00  0.000E+00  0.266E-02  0.266E-02  0.000E+00  0.830E-02  0.830E-02  0.000E+00
 214    0.175E+01  0.939E+00  0.939E+00        NaN  0.739E+00  0.739E+00  0.000E+00  0.264E-02  0.264E-02  0.000E+00  0.825E-02  0.825E-02  0.000E+00
 215    0.176E+01  0.938E+00  0.938E+00        NaN  0.736E+00  0.736E+00  0.000E+00  0.263E-02  0.263E-02  0.000E+00  0.821E-02  0.821E-02  0.000E+00
 216    0.177E+01  0.937E+00  0.937E+00        NaN  0.733E+00  0.733E+00  0.000E+00  0.262E-02  0.262E-02  0.000E+00  0.816E-02  0.816E-02  0.000E+00
 217    0.177E+01  0.936E+00  0.936E+00        NaN  0.730E+00  0.730E+00  0.000E+00  0.260E-02  0.260E-02  0.000E+00  0.812E-02  0.812E-02  0.000E+00
 218    0.178E+01  0.934E+00  0.934E+00        NaN  0.727E+00  0.727E+00  0.000E+00  0.259E-02  0.259E-02  0.000E+00  0.807E-02  0.807E-02  0.000E+00
 219    0.178E+01  0.933E+00  0.933E+00        NaN  0.724E+00  0.724E+00  0.000E+00  0.257E-02  0.257E-02  0.000E+00  0.803E-02  0.803E-02  0.000E+00
 220    0.179E+01  0.932E+00  0.932E+00        NaN  0.721E+00  0.721E+00  0.000E+00  0.256E-02  0.256E-02  0.000E+00  0.798E-02  0.798E-02  0.000E+00
 221    0.180E+01  0.931E+00  0.931E+00        NaN  0.718E+00  0.718E+00  0.000E+00  0.254E-02  0.254E-02  0.000E+00  0.793E-02  0.793E-02  0.000E+00
 222    0.180E+01  0.930E+00  0.930E+00        NaN  0.715E+00  0.715E+00  0.000E+00  0.253E-02  0.253E-02  0.000E+00  0.789E-02  0.789E-02  0.000E+00
 223    0.181E+01  0.928E+00  0.928E+00        NaN  0.712E+00  0.712E+00  0.000E+00  0.251E-02  0.251E-02  0.000E+00  0.784E-02  0.784E-02  0.000E+00
 224    0.181E+01  0.927E+00  0.927E+00        NaN  0.709E+00  0.709E+00  0.000E+00  0.250E-02  0.250E-02  0.000E+00  0.779E-02  0.779E-02  0.000E+00
 225    0.182E+01  0.926E+00  0.926E+00        NaN  0.707E+00  0.707E+00  0.000E+00  0.248E-02  0.248E-02  0.000E+00  0.774E-02  0.774E-02  0.000E+00
 226    0.183E+01  0.925E+00  0.925E+00        NaN  0.704E+00  0.704E+00  0.000E+00  0.247E-02  0.247E-02  0.000E+00  0.770E-02  0.770E-02  0.000E+00
 227    0.183E+01  0.924E+00  0.924E+00        NaN  0.701E+00  0.701E+00  0.000E+00  0.245E-02  0.245E-02  0.000E+00  0.765E-02  0.765E-02  0.000E+00
 228    0.184E+01  0.923E+00  0.923E+00        NaN  0.698E+00  0.698E+00  0.000E+00  0.243E-02  0.243E-02  0.000E+00  0.760E-02  0.760E-02  0.000E+00
 229    0.185E+01  0.921E+00  0.921E+00        NaN  0.696E+00  0.696E+00  0.000E+00  0.242E-02  0.242E-02  0.000E+00  0.755E-02  0.755E-02  0.000E+00
 230    0.185E+01  0.920E+00  0.920E+00        NaN  0.693E+00  0.693E+00  0.000E+00  0.240E-02  0.240E-02  0.000E+00  0.750E-02  0.750E-02  0.000E+00
 231    0.186E+01  0.919E+00  0.919E+00        NaN  0.690E+00  0.690E+00  0.000E+00  0.239E-02  0.239E-02  0.000E+00  0.745E-02  0.745E-02  0.000E+00
 232    0.186E+01  0.918E+00  0.918E+00        NaN  0.688E+00  0.688E+00  0.000E+00  0.237E-02  0.237E-02  0.000E+00  0.740E-02  0.740E-02  0.000E+00
 233    0.187E+01  0.917E+00  0.917E+00        NaN  0.685E+00  0.685E+00  0.000E+00  0.236E-02  0.236E-02  0.000E+00  0.735E-02  0.735E-02  0.000E+00
 234    0.188E+01  0.916E+00  0.916E+00        NaN  0.683E+00  0.683E+00  0.000E+00  0.234E-02  0.234E-02  0.000E+00  0.730E-02  0.730E-02  0.000E+00
 235    0.188E+01  0.915E+00  0.915E+00        NaN  0.680E+00  0.680E+00  0.000E+00  0.232E-02  0.232E-02  0.000E+00  0.725E-02  0.725E-02  0.000E+00
 236    0.189E+01  0.914E+00  0.914E+00        NaN  0.678E+00  0.678E+00  0.000E+00  0.231E-02  0.231E-02  0.000E+00  0.720E-02  0.720E-02  0.000E+00
 237    0.190E+01  0.913E+00  0.913E+00        NaN  0.675E+00  0.675E+00  0.000E+00  0.229E-02  0.229E-02  0.000E+00  0.715E-02  0.715E-02  0.000E+00
 238    0.190E+01  0.912E+00  0.912E+00        NaN  0.673E+00  0.673E+00  0.000E+00  0.227E-02  0.227E-02  0.000E+00  0.709E-02  0.709E-02  0.000E+00
 239    0.191E+01  0.911E+00  0.911E+00        NaN  0.670E+00  0.670E+00  0.000E+00  0.226E-02  0.226E-02  0.000E+00  0.704E-02  0.704E-02  0.000E+00
 240    0.192E+01  0.909E+00  0.909E+00        NaN  0.668E+00  0.668E+00  0.000E+00  0.224E-02  0.224E-02  0.000E+00  0.699E-02  0.699E-02  0.000E+00
 241    0.192E+01  0.908E+00  0.908E+00        NaN  0.665E+00  0.665E+00  0.000E+00  0.222E-02  0.222E-02  0.000E+00  0.693E-02  0.693E-02  0.000E+00
 242    0.193E+01  0.907E+00  0.907E+00        NaN  0.663E+00  0.663E+00  0.000E+00  0.220E-02  0.220E-02  0.000E+00  0.688E-02  0.688E-02  0.000E+00
 243    0.194E+01  0.906E+00  0.906E+00        NaN  0.661E+00  0.661E+00  0.000E+00  0.218E-02  0.218E-02  0.000E+00  0.682E-02  0.682E-02  0.000E+00
 244    0.194E+01  0.905E+00  0.905E+00        NaN  0.659E+00  0.659E+00  0.000E+00  0.217E-02  0.217E-02  0.000E+00  0.676E-02  0.676E-02  0.000E+00
 245    0.195E+01  0.904E+00  0.904E+00        NaN  0.656E+00  0.656E+00  0.000E+00  0.215E-02  0.215E-02  0.000E+00  0.670E-02  0.670E-02  0.000E+00
 246    0.196E+01  0.903E+00  0.903E+00        NaN  0.654E+00  0.654E+00  0.000E+00  0.213E-02  0.213E-02  0.000E+00  0.664E-02  0.664E-02  0.000E+00
 247    0.196E+01  0.902E+00  0.902E+00        NaN  0.652E+00  0.652E+00  0.000E+00  0.211E-02  0.211E-02  0.000E+00  0.658E-02  0.658E-02  0.000E+00
 248    0.197E+01  0.901E+00  0.901E+00        NaN  0.650E+00  0.650E+00  0.000E+00  0.209E-02  0.209E-02  0.000E+00  0.652E-02  0.652E-02  0.000E+00
 249    0.198E+01  0.900E+00  0.900E+00        NaN  0.647E+00  0.647E+00  0.000E+00  0.207E-02  0.207E-02  0.000E+00  0.645E-02  0.645E-02  0.000E+00
 250    0.198E+01  0.900E+00  0.900E+00        NaN  0.645E+00  0.645E+00  0.000E+00  0.205E-02  0.205E-02  0.000E+00  0.638E-02  0.638E-02  0.000E+00
 251    0.199E+01  0.899E+00  0.899E+00        NaN  0.643E+00  0.643E+00  0.000E+00  0.202E-02  0.202E-02  0.000E+00  0.631E-02  0.631E-02  0.000E+00
 252    0.200E+01  0.898E+00  0.898E+00        NaN  0.641E+00  0.641E+00  0.000E+00  0.200E-02  0.200E-02  0.000E+00  0.624E-02  0.624E-02  0.000E+00
 253    0.200E+01  0.897E+00  0.897E+00        NaN  0.639E+00  0.639E+00  0.000E+00  0.198E-02  0.198E-02  0.000E+00  0.617E-02  0.617E-02  0.000E+00
 254    0.201E+01  0.896E+00  0.896E+00        NaN  0.637E+00  0.637E+00  0.000E+00  0.195E-02  0.195E-02  0.000E+00  0.609E-02  0.609E-02  0.000E+00
 255    0.202E+01  0.895E+00  0.895E+00        NaN  0.635E+00  0.635E+00  0.000E+00  0.192E-02  0.192E-02  0.000E+00  0.601E-02  0.601E-02  0.000E+00
 256    0.202E+01  0.894E+00  0.894E+00        NaN  0.633E+00  0.633E+00  0.000E+00  0.190E-02  0.190E-02  0.000E+00  0.592E-02  0.592E-02  0.000E+00
 257    0.203E+01  0.893E+00  0.893E+00        NaN  0.631E+00  0.631E+00  0.000E+00  0.187E-02  0.187E-02  0.000E+00  0.583E-02  0.583E-02  0.000E+00
 258    0.204E+01  0.892E+00  0.892E+00        NaN  0.629E+00  0.629E+00  0.000E+00  0.184E-02  0.184E-02  0.000E+00  0.574E-02  0.574E-02  0.000E+00
 259    0.204E+01  0.891E+00  0.891E+00        NaN  0.627E+00  0.627E+00  0.000E+00  0.181E-02  0.181E-02  0.000E+00  0.564E-02  0.564E-02  0.000E+00
 260    0.205E+01  0.890E+00  0.890E+00        NaN  0.625E+00  0.625E+00  0.000E+00  0.177E-02  0.177E-02  0.000E+00  0.554E-02  0.554E-02  0.000E+00
 261    0.206E+01  0.890E+00  0.890E+00        NaN  0.623E+00  0.623E+00  0.000E+00  0.174E-02  0.174E-02  0.000E+00  0.543E-02  0.543E-02  0.000E+00
 262    0.207E+01  0.889E+00  0.889E+00        NaN  0.621E+00  0.621E+00  0.000E+00  0.170E-02  0.170E-02  0.000E+00  0.531E-02  0.531E-02  0.000E+00
 263    0.207E+01  0.888E+00  0.888E+00        NaN  0.619E+00  0.619E+00  0.000E+00  0.166E-02  0.166E-02  0.000E+00  0.520E-02  0.520E-02  0.000E+00
 264    0.208E+01  0.887E+00  0.887E+00        NaN  0.618E+00  0.618E+00  0.000E+00  0.162E-02  0.162E-02  0.000E+00  0.507E-02  0.507E-02  0.000E+00
 265    0.209E+01  0.886E+00  0.886E+00        NaN  0.616E+00  0.616E+00  0.000E+00  0.158E-02  0.158E-02  0.000E+00  0.494E-02  0.494E-02  0.000E+00
 266    0.209E+01  0.885E+00  0.885E+00        NaN  0.614E+00  0.614E+00  0.000E+00  0.154E-02  0.154E-02  0.000E+00  0.481E-02  0.481E-02  0.000E+00
 267    0.210E+01  0.884E+00  0.884E+00        NaN  0.612E+00  0.612E+00  0.000E+00  0.149E-02  0.149E-02  0.000E+00  0.466E-02  0.466E-02  0.000E+00
 268    0.211E+01  0.884E+00  0.884E+00        NaN  0.610E+00  0.610E+00  0.000E+00  0.145E-02  0.145E-02  0.000E+00  0.451E-02  0.451E-02  0.000E+00
 269    0.211E+01  0.883E+00  0.883E+00        NaN  0.609E+00  0.609E+00  0.000E+00  0.140E-02  0.140E-02  0.000E+00  0.436E-02  0.436E-02  0.000E+00
 270    0.212E+01  0.882E+00  0.882E+00        NaN  0.607E+00  0.607E+00  0.000E+00  0.135E-02  0.135E-02  0.000E+00  0.420E-02  0.420E-02  0.000E+00
 271    0.213E+01  0.881E+00  0.881E+00        NaN  0.605E+00  0.605E+00  0.000E+00  0.129E-02  0.129E-02  0.000E+00  0.404E-02  0.404E-02  0.000E+00
 272    0.214E+01  0.881E+00  0.881E+00        NaN  0.604E+00  0.604E+00  0.000E+00  0.124E-02  0.124E-02  0.000E+00  0.387E-02  0.387E-02  0.000E+00
 273    0.214E+01  0.880E+00  0.880E+00        NaN  0.602E+00  0.602E+00  0.000E+00  0.118E-02  0.118E-02  0.000E+00  0.369E-02  0.369E-02  0.000E+00
 274    0.215E+01  0.879E+00  0.879E+00        NaN  0.600E+00  0.600E+00  0.000E+00  0.112E-02  0.112E-02  0.000E+00  0.351E-02  0.351E-02  0.000E+00
 275    0.216E+01  0.878E+00  0.878E+00        NaN  0.599E+00  0.599E+00  0.000E+00  0.107E-02  0.107E-02  0.000E+00  0.333E-02  0.333E-02  0.000E+00
 276    0.216E+01  0.877E+00  0.877E+00        NaN  0.597E+00  0.597E+00  0.000E+00  0.101E-02  0.101E-02  0.000E+00  0.314E-02  0.314E-02  0.000E+00
 277    0.217E+01  0.877E+00  0.877E+00        NaN  0.596E+00  0.596E+00  0.000E+00  0.946E-03  0.946E-03  0.000E+00  0.295E-02  0.295E-02  0.000E+00
 278    0.218E+01  0.876E+00  0.876E+00        NaN  0.594E+00  0.594E+00  0.000E+00  0.884E-03  0.884E-03  0.000E+00  0.276E-02  0.276E-02  0.000E+00
 279    0.219E+01  0.875E+00  0.875E+00        NaN  0.593E+00  0.593E+00  0.000E+00  0.823E-03  0.823E-03  0.000E+00  0.257E-02  0.257E-02  0.000E+00
 280    0.219E+01  0.875E+00  0.875E+00        NaN  0.591E+00  0.591E+00  0.000E+00  0.761E-03  0.761E-03  0.000E+00  0.238E-02  0.238E-02  0.000E+00
 281    0.220E+01  0.874E+00  0.874E+00        NaN  0.590E+00  0.590E+00  0.000E+00  0.700E-03  0.700E-03  0.000E+00  0.219E-02  0.219E-02  0.000E+00
 282    0.221E+01  0.873E+00  0.873E+00        NaN  0.588E+00  0.588E+00  0.000E+00  0.639E-03  0.639E-03  0.000E+00  0.200E-02  0.200E-02  0.000E+00
 283    0.222E+01  0.872E+00  0.872E+00        NaN  0.587E+00  0.587E+00  0.000E+00  0.580E-03  0.580E-03  0.000E+00  0.181E-02  0.181E-02  0.000E+00
 284    0.222E+01  0.872E+00  0.872E+00        NaN  0.585E+00  0.585E+00  0.000E+00  0.521E-03  0.521E-03  0.000E+00  0.163E-02  0.163E-02  0.000E+00
 285    0.223E+01  0.871E+00  0.871E+00        NaN  0.584E+00  0.584E+00  0.000E+00  0.465E-03  0.465E-03  0.000E+00  0.145E-02  0.145E-02  0.000E+00
 286    0.224E+01  0.870E+00  0.870E+00        NaN  0.582E+00  0.582E+00  0.000E+00  0.410E-03  0.410E-03  0.000E+00  0.128E-02  0.128E-02  0.000E+00
 287    0.225E+01  0.870E+00  0.870E+00        NaN  0.581E+00  0.581E+00  0.000E+00  0.357E-03  0.357E-03  0.000E+00  0.111E-02  0.111E-02  0.000E+00
 288    0.225E+01  0.869E+00  0.869E+00        NaN  0.579E+00  0.579E+00  0.000E+00  0.307E-03  0.307E-03  0.000E+00  0.959E-03  0.959E-03  0.000E+00
 289    0.226E+01  0.868E+00  0.868E+00        NaN  0.578E+00  0.578E+00  0.000E+00  0.260E-03  0.260E-03  0.000E+00  0.812E-03  0.812E-03  0.000E+00
 290    0.227E+01  0.868E+00  0.868E+00        NaN  0.577E+00  0.577E+00  0.000E+00  0.216E-03  0.216E-03  0.000E+00  0.676E-03  0.676E-03  0.000E+00
 291    0.228E+01  0.867E+00  0.867E+00        NaN  0.575E+00  0.575E+00  0.000E+00  0.176E-03  0.176E-03  0.000E+00  0.550E-03  0.550E-03  0.000E+00
 292    0.228E+01  0.866E+00  0.866E+00        NaN  0.574E+00  0.574E+00  0.000E+00  0.140E-03  0.140E-03  0.000E+00  0.436E-03  0.436E-03  0.000E+00
 293    0.229E+01  0.866E+00  0.866E+00        NaN  0.573E+00  0.573E+00  0.000E+00  0.107E-03  0.107E-03  0.000E+00  0.335E-03  0.335E-03  0.000E+00
 294    0.230E+01  0.865E+00  0.865E+00        NaN  0.572E+00  0.572E+00  0.000E+00  0.788E-04  0.788E-04  0.000E+00  0.246E-03  0.246E-03  0.000E+00
 295    0.231E+01  0.865E+00  0.865E+00        NaN  0.570E+00  0.570E+00  0.000E+00  0.546E-04  0.546E-04  0.000E+00  0.171E-03  0.171E-03  0.000E+00
 296    0.231E+01  0.864E+00  0.864E+00        NaN  0.569E+00  0.569E+00  0.000E+00  0.349E-04  0.349E-04  0.000E+00  0.109E-03  0.109E-03  0.000E+00
 297    0.232E+01  0.863E+00  0.863E+00        NaN  0.568E+00  0.568E+00  0.000E+00  0.195E-04  0.195E-04  0.000E+00  0.610E-04  0.610E-04  0.000E+00
 298    0.233E+01  0.863E+00  0.863E+00        NaN  0.567E+00  0.567E+00  0.000E+00  0.863E-05  0.863E-05  0.000E+00  0.269E-04  0.269E-04  0.000E+00
 299    0.234E+01  0.862E+00  0.862E+00        NaN  0.565E+00  0.565E+00  0.000E+00  0.214E-05  0.214E-05  0.000E+00  0.668E-05  0.668E-05  0.000E+00
 300    0.234E+01  0.862E+00  0.862E+00        NaN  0.564E+00  0.564E+00  0.000E+00  0.000E+00  0.000E+00  0.000E+00  0.000E+00  0.000E+00  0.000E+00
 301    0.966E+00  0.966E+00  0.000E+00  0.000E+00
