 xu,omegau,vu =  2.36306210244250714E-3,  191616766.46706584,  452802.3190308995
 q0,q0p,psia= 1.4099999999999999,  6.00000000000000012E-3
 beta= 5.01267073855999994E-3
     0  0.200000000E+00  0.928800000E+00  0.706710161E+03  0.177264910E+01  0.177264910E+01  0.124342575E+01  0.124342575E+01 -0.728964455E-01  0.000000000E+00  0.000000000E+00  0.549262874E+02
     1  0.202000000E+00  0.930506080E+00  0.706710161E+03  0.176890341E+01  0.176890341E+01  0.124258331E+01  0.124258331E+01 -0.728964455E-01  0.000000000E+00  0.000000000E+00  0.553767362E+02
     2  0.204000000E+00  0.932232320E+00  0.706710161E+03  0.176512766E+01  0.176512766E+01  0.124173289E+01  0.124173289E+01 -0.736218695E-01  0.000000000E+00  0.000000000E+00  0.558244159E+02
     3  0.206000000E+00  0.933978720E+00  0.706710161E+03  0.176132185E+01  0.176132185E+01  0.124087444E+01  0.124087444E+01 -0.743473723E-01  0.000000000E+00 -0.176697482E-14  0.562693136E+02
     4  0.208000000E+00  0.935745280E+00  0.706710161E+03  0.175748597E+01  0.175748597E+01  0.124000793E+01  0.124000793E+01 -0.750729533E-01  0.000000000E+00  0.000000000E+00  0.567114172E+02
     5  0.210000000E+00  0.937532000E+00  0.706710161E+03  0.175362000E+01  0.175362000E+01  0.123913333E+01  0.123913333E+01 -0.757986121E-01  0.000000000E+00  0.000000000E+00  0.571507147E+02
     6  0.212000000E+00  0.939338880E+00  0.706710161E+03  0.174972396E+01  0.174972396E+01  0.123825060E+01  0.123825060E+01 -0.765243481E-01  0.000000000E+00  0.000000000E+00  0.575871948E+02
     7  0.214000000E+00  0.941165920E+00  0.706710161E+03  0.174579784E+01  0.174579784E+01  0.123735970E+01  0.123735970E+01 -0.772501609E-01  0.000000000E+00  0.000000000E+00  0.580208465E+02
     8  0.216000000E+00  0.943013120E+00  0.706710161E+03  0.174184167E+01  0.174184167E+01  0.123646060E+01  0.123646060E+01 -0.779760498E-01  0.000000000E+00  0.000000000E+00  0.584516594E+02
     9  0.218000000E+00  0.944880480E+00  0.706710161E+03  0.173785547E+01  0.173785547E+01  0.123555327E+01  0.123555327E+01 -0.787020144E-01  0.000000000E+00  0.000000000E+00  0.588796233E+02
    10  0.220000000E+00  0.946768000E+00  0.706710161E+03  0.173383925E+01  0.173383925E+01  0.123463768E+01  0.123463768E+01 -0.794280539E-01  0.883487412E-15 -0.176697482E-14  0.593047287E+02
    11  0.222000000E+00  0.948675680E+00  0.706710161E+03  0.172979306E+01  0.172979306E+01  0.123371379E+01  0.123371379E+01 -0.801541679E-01  0.000000000E+00  0.000000000E+00  0.597269663E+02
    12  0.224000000E+00  0.950603520E+00  0.706710161E+03  0.172571692E+01  0.172571692E+01  0.123278158E+01  0.123278158E+01 -0.808803556E-01  0.000000000E+00  0.000000000E+00  0.601463276E+02
    13  0.226000000E+00  0.952551520E+00  0.706710161E+03  0.172161088E+01  0.172161088E+01  0.123184102E+01  0.123184102E+01 -0.816066165E-01  0.000000000E+00  0.000000000E+00  0.605628041E+02
    14  0.228000000E+00  0.954519680E+00  0.706710161E+03  0.171747500E+01  0.171747500E+01  0.123089209E+01  0.123089209E+01 -0.823329499E-01  0.000000000E+00  0.000000000E+00  0.609763881E+02
    15  0.230000000E+00  0.956508000E+00  0.706710161E+03  0.171330933E+01  0.171330933E+01  0.122993474E+01  0.122993474E+01 -0.830593551E-01  0.000000000E+00  0.000000000E+00  0.613870720E+02
    16  0.232000000E+00  0.958516480E+00  0.706710161E+03  0.170911394E+01  0.170911394E+01  0.122896896E+01  0.122896896E+01 -0.837858314E-01  0.883487412E-15 -0.176697482E-14  0.617948490E+02
    17  0.234000000E+00  0.960545120E+00  0.706710161E+03  0.170488889E+01  0.170488889E+01  0.122799473E+01  0.122799473E+01 -0.845123781E-01  0.000000000E+00  0.000000000E+00  0.621997124E+02
    18  0.236000000E+00  0.962593920E+00  0.706710161E+03  0.170063426E+01  0.170063426E+01  0.122701202E+01  0.122701202E+01 -0.852389945E-01  0.000000000E+00  0.000000000E+00  0.626016561E+02
    19  0.238000000E+00  0.964662880E+00  0.706710161E+03  0.169635014E+01  0.169635014E+01  0.122602081E+01  0.122602081E+01 -0.859656798E-01  0.000000000E+00  0.000000000E+00  0.630006743E+02
    20  0.240000000E+00  0.966752000E+00  0.706710161E+03  0.169203661E+01  0.169203661E+01  0.122502107E+01  0.122502107E+01 -0.866924334E-01  0.000000000E+00  0.000000000E+00  0.633967618E+02
    21  0.242000000E+00  0.968861280E+00  0.706710161E+03  0.168769378E+01  0.168769378E+01  0.122401279E+01  0.122401279E+01 -0.874192543E-01  0.000000000E+00  0.000000000E+00  0.637899136E+02
    22  0.244000000E+00  0.970990720E+00  0.706710161E+03  0.168332174E+01  0.168332174E+01  0.122299594E+01  0.122299594E+01 -0.881461419E-01  0.000000000E+00  0.000000000E+00  0.641801252E+02
    23  0.246000000E+00  0.973140320E+00  0.706710161E+03  0.167892062E+01  0.167892062E+01  0.122197052E+01  0.122197052E+01 -0.888730953E-01  0.265046223E-14 -0.176697482E-14  0.645673926E+02
    24  0.248000000E+00  0.975310080E+00  0.706710161E+03  0.167449053E+01  0.167449053E+01  0.122093650E+01  0.122093650E+01 -0.896001137E-01  0.000000000E+00  0.000000000E+00  0.649517120E+02
    25  0.250000000E+00  0.977500000E+00  0.706710161E+03  0.167003159E+01  0.167003159E+01  0.121989387E+01  0.121989387E+01 -0.903271964E-01  0.000000000E+00  0.000000000E+00  0.653330802E+02
    26  0.252000000E+00  0.979710080E+00  0.706710161E+03  0.166554394E+01  0.166554394E+01  0.121884261E+01  0.121884261E+01 -0.910543424E-01  0.000000000E+00  0.000000000E+00  0.657114943E+02
    27  0.254000000E+00  0.981940320E+00  0.706710161E+03  0.166102773E+01  0.166102773E+01  0.121778272E+01  0.121778272E+01 -0.917815509E-01  0.000000000E+00  0.000000000E+00  0.660869518E+02
    28  0.256000000E+00  0.984190720E+00  0.706710161E+03  0.165648309E+01  0.165648309E+01  0.121671418E+01  0.121671418E+01 -0.925088211E-01  0.000000000E+00  0.000000000E+00  0.664594505E+02
    29  0.258000000E+00  0.986461280E+00  0.706710161E+03  0.165191019E+01  0.165191019E+01  0.121563697E+01  0.121563697E+01 -0.932361522E-01  0.000000000E+00  0.000000000E+00  0.668289887E+02
    30  0.260000000E+00  0.988752000E+00  0.706710161E+03  0.164730918E+01  0.164730918E+01  0.121455111E+01  0.121455111E+01 -0.939635431E-01  0.000000000E+00  0.000000000E+00  0.671955651E+02
    31  0.262000000E+00  0.991062880E+00  0.706710161E+03  0.164268025E+01  0.164268025E+01  0.121345656E+01  0.121345656E+01 -0.946909931E-01  0.000000000E+00  0.000000000E+00  0.675591786E+02
    32  0.264000000E+00  0.993393920E+00  0.706710161E+03  0.163802356E+01  0.163802356E+01  0.121235334E+01  0.121235334E+01 -0.954185012E-01  0.000000000E+00  0.000000000E+00  0.679198288E+02
    33  0.266000000E+00  0.995745120E+00  0.706710161E+03  0.163333931E+01  0.163333931E+01  0.121124144E+01  0.121124144E+01 -0.961460666E-01  0.000000000E+00  0.000000000E+00  0.682775153E+02
    34  0.268000000E+00  0.998116480E+00  0.706710161E+03  0.162862769E+01  0.162862769E+01  0.121012085E+01  0.121012085E+01 -0.968736883E-01  0.000000000E+00  0.000000000E+00  0.686322382E+02
    35  0.270000000E+00  0.100050800E+01  0.706710161E+03  0.162388889E+01  0.162388889E+01  0.120899157E+01  0.120899157E+01 -0.976013653E-01  0.000000000E+00  0.000000000E+00  0.689839980E+02
    36  0.272000000E+00  0.100291968E+01  0.706710161E+03  0.161912314E+01  0.161912314E+01  0.120785361E+01  0.120785361E+01 -0.983290969E-01  0.883487412E-15  0.000000000E+00  0.693327956E+02
    37  0.274000000E+00  0.100535152E+01  0.706710161E+03  0.161433064E+01  0.161433064E+01  0.120670696E+01  0.120670696E+01 -0.990568820E-01  0.000000000E+00 -0.176697482E-14  0.696786321E+02
    38  0.276000000E+00  0.100780352E+01  0.706710161E+03  0.160951162E+01  0.160951162E+01  0.120555164E+01  0.120555164E+01 -0.997847196E-01  0.000000000E+00  0.000000000E+00  0.700215091E+02
    39  0.278000000E+00  0.101027568E+01  0.706710161E+03  0.160466632E+01  0.160466632E+01  0.120438764E+01  0.120438764E+01 -0.100512609E+00  0.000000000E+00  0.000000000E+00  0.703614284E+02
    40  0.280000000E+00  0.101276800E+01  0.706710161E+03  0.159979497E+01  0.159979497E+01  0.120321497E+01  0.120321497E+01 -0.101240549E+00  0.000000000E+00  0.000000000E+00  0.706983923E+02
    41  0.282000000E+00  0.101528048E+01  0.706710161E+03  0.159489783E+01  0.159489783E+01  0.120203364E+01  0.120203364E+01 -0.101968539E+00  0.000000000E+00  0.000000000E+00  0.710324032E+02
    42  0.284000000E+00  0.101781312E+01  0.706710161E+03  0.158997515E+01  0.158997515E+01  0.120084367E+01  0.120084367E+01 -0.102696577E+00  0.176697482E-14  0.000000000E+00  0.713634640E+02
    43  0.286000000E+00  0.102036592E+01  0.706710161E+03  0.158502719E+01  0.158502719E+01  0.119964506E+01  0.119964506E+01 -0.103424663E+00  0.883487412E-15 -0.176697482E-14  0.716915779E+02
    44  0.288000000E+00  0.102293888E+01  0.706710161E+03  0.158005423E+01  0.158005423E+01  0.119843783E+01  0.119843783E+01 -0.104152796E+00  0.000000000E+00  0.000000000E+00  0.720167484E+02
    45  0.290000000E+00  0.102553200E+01  0.706710161E+03  0.157505654E+01  0.157505654E+01  0.119722199E+01  0.119722199E+01 -0.104880975E+00  0.000000000E+00  0.000000000E+00  0.723389793E+02
    46  0.292000000E+00  0.102814528E+01  0.706710161E+03  0.157003442E+01  0.157003442E+01  0.119599757E+01  0.119599757E+01 -0.105609199E+00  0.000000000E+00  0.000000000E+00  0.726582748E+02
    47  0.294000000E+00  0.103077872E+01  0.706710161E+03  0.156498816E+01  0.156498816E+01  0.119476457E+01  0.119476457E+01 -0.106337466E+00  0.000000000E+00  0.000000000E+00  0.729746392E+02
    48  0.296000000E+00  0.103343232E+01  0.706710161E+03  0.155991807E+01  0.155991807E+01  0.119352303E+01  0.119352303E+01 -0.107065777E+00  0.000000000E+00  0.000000000E+00  0.732880773E+02
    49  0.298000000E+00  0.103610608E+01  0.706710161E+03  0.155482445E+01  0.155482445E+01  0.119227296E+01  0.119227296E+01 -0.107794129E+00  0.176697482E-14 -0.176697482E-14  0.735985941E+02
    50  0.300000000E+00  0.103880000E+01  0.706710161E+03  0.154970763E+01  0.154970763E+01  0.119101440E+01  0.119101440E+01 -0.108522522E+00  0.883487412E-15 -0.176697482E-14  0.739061949E+02
    51  0.302000000E+00  0.104151408E+01  0.706710161E+03  0.154456792E+01  0.154456792E+01  0.118974735E+01  0.118974735E+01 -0.109250955E+00  0.000000000E+00  0.000000000E+00  0.742108853E+02
    52  0.304000000E+00  0.104424832E+01  0.706710161E+03  0.153940568E+01  0.153940568E+01  0.118847187E+01  0.118847187E+01 -0.109979427E+00  0.000000000E+00  0.000000000E+00  0.745126712E+02
    53  0.306000000E+00  0.104700272E+01  0.706710161E+03  0.153422123E+01  0.153422123E+01  0.118718797E+01  0.118718797E+01 -0.110707937E+00  0.000000000E+00  0.000000000E+00  0.748115587E+02
    54  0.308000000E+00  0.104977728E+01  0.706710161E+03  0.152901494E+01  0.152901494E+01  0.118589568E+01  0.118589568E+01 -0.111436483E+00  0.000000000E+00  0.000000000E+00  0.751075543E+02
    55  0.310000000E+00  0.105257200E+01  0.706710161E+03  0.152378715E+01  0.152378715E+01  0.118459505E+01  0.118459505E+01 -0.112165066E+00  0.000000000E+00  0.000000000E+00  0.754006645E+02
    56  0.312000000E+00  0.105538688E+01  0.706710161E+03  0.151853823E+01  0.151853823E+01  0.118328611E+01  0.118328611E+01 -0.112893683E+00  0.883487412E-15 -0.353394965E-14  0.756908965E+02
    57  0.314000000E+00  0.105822192E+01  0.706710161E+03  0.151326855E+01  0.151326855E+01  0.118196890E+01  0.118196890E+01 -0.113622334E+00  0.000000000E+00 -0.353394965E-14  0.759782573E+02
    58  0.316000000E+00  0.106107712E+01  0.706710161E+03  0.150797850E+01  0.150797850E+01  0.118064345E+01  0.118064345E+01 -0.114351018E+00  0.000000000E+00  0.000000000E+00  0.762627545E+02
    59  0.318000000E+00  0.106395248E+01  0.706710161E+03  0.150266846E+01  0.150266846E+01  0.117930982E+01  0.117930982E+01 -0.115079734E+00  0.000000000E+00  0.000000000E+00  0.765443957E+02
    60  0.320000000E+00  0.106684800E+01  0.706710161E+03  0.149733883E+01  0.149733883E+01  0.117796804E+01  0.117796804E+01 -0.115808481E+00  0.000000000E+00  0.000000000E+00  0.768231888E+02
    61  0.322000000E+00  0.106976368E+01  0.706710161E+03  0.149199000E+01  0.149199000E+01  0.117661815E+01  0.117661815E+01 -0.116537258E+00  0.000000000E+00  0.000000000E+00  0.770991422E+02
    62  0.324000000E+00  0.107269952E+01  0.706710161E+03  0.148662239E+01  0.148662239E+01  0.117526022E+01  0.117526022E+01 -0.117266064E+00  0.265046223E-14  0.000000000E+00  0.773722640E+02
    63  0.326000000E+00  0.107565552E+01  0.706710161E+03  0.148123641E+01  0.148123641E+01  0.117389429E+01  0.117389429E+01 -0.117994898E+00  0.883487412E-15  0.000000000E+00  0.776425631E+02
    64  0.328000000E+00  0.107863168E+01  0.706710161E+03  0.147583248E+01  0.147583248E+01  0.117252041E+01  0.117252041E+01 -0.118723758E+00  0.000000000E+00  0.000000000E+00  0.779100483E+02
    65  0.330000000E+00  0.108162800E+01  0.706710161E+03  0.147041104E+01  0.147041104E+01  0.117113864E+01  0.117113864E+01 -0.119452645E+00  0.000000000E+00  0.000000000E+00  0.781747286E+02
    66  0.332000000E+00  0.108464448E+01  0.706710161E+03  0.146497251E+01  0.146497251E+01  0.116974903E+01  0.116974903E+01 -0.120181556E+00  0.000000000E+00  0.000000000E+00  0.784366134E+02
    67  0.334000000E+00  0.108768112E+01  0.706710161E+03  0.145951734E+01  0.145951734E+01  0.116835164E+01  0.116835164E+01 -0.120910491E+00  0.000000000E+00  0.000000000E+00  0.786957121E+02
    68  0.336000000E+00  0.109073792E+01  0.706710161E+03  0.145404598E+01  0.145404598E+01  0.116694653E+01  0.116694653E+01 -0.121639450E+00  0.000000000E+00  0.000000000E+00  0.789520345E+02
    69  0.338000000E+00  0.109381488E+01  0.706710161E+03  0.144855889E+01  0.144855889E+01  0.116553377E+01  0.116553377E+01 -0.122368430E+00  0.000000000E+00 -0.353394965E-14  0.792055904E+02
    70  0.340000000E+00  0.109691200E+01  0.706710161E+03  0.144305653E+01  0.144305653E+01  0.116411342E+01  0.116411342E+01 -0.123097432E+00  0.883487412E-15  0.000000000E+00  0.794563900E+02
    71  0.342000000E+00  0.110002928E+01  0.706710161E+03  0.143753935E+01  0.143753935E+01  0.116268555E+01  0.116268555E+01 -0.123826454E+00 -0.883487412E-15  0.000000000E+00  0.797044437E+02
    72  0.344000000E+00  0.110316672E+01  0.706710161E+03  0.143200784E+01  0.143200784E+01  0.116125022E+01  0.116125022E+01 -0.124555494E+00  0.000000000E+00  0.000000000E+00  0.799497617E+02
    73  0.346000000E+00  0.110632432E+01  0.706710161E+03  0.142646248E+01  0.142646248E+01  0.115980752E+01  0.115980752E+01 -0.125284554E+00  0.000000000E+00  0.000000000E+00  0.801923549E+02
    74  0.348000000E+00  0.110950208E+01  0.706710161E+03  0.142090375E+01  0.142090375E+01  0.115835750E+01  0.115835750E+01 -0.126013630E+00  0.000000000E+00  0.000000000E+00  0.804322340E+02
    75  0.350000000E+00  0.111270000E+01  0.706710161E+03  0.141533213E+01  0.141533213E+01  0.115690025E+01  0.115690025E+01 -0.126742722E+00  0.000000000E+00  0.000000000E+00  0.806694101E+02
    76  0.352000000E+00  0.111591808E+01  0.706710161E+03  0.140974813E+01  0.140974813E+01  0.115543584E+01  0.115543584E+01 -0.127471830E+00  0.176697482E-14 -0.353394965E-14  0.809038944E+02
    77  0.354000000E+00  0.111915632E+01  0.706710161E+03  0.140415225E+01  0.140415225E+01  0.115396436E+01  0.115396436E+01 -0.128200953E+00  0.000000000E+00 -0.176697482E-14  0.811356982E+02
    78  0.356000000E+00  0.112241472E+01  0.706710161E+03  0.139854498E+01  0.139854498E+01  0.115248588E+01  0.115248588E+01 -0.128930089E+00  0.000000000E+00  0.000000000E+00  0.813648329E+02
    79  0.358000000E+00  0.112569328E+01  0.706710161E+03  0.139292685E+01  0.139292685E+01  0.115100049E+01  0.115100049E+01 -0.129659237E+00  0.000000000E+00  0.000000000E+00  0.815913104E+02
    80  0.360000000E+00  0.112899200E+01  0.706710161E+03  0.138729836E+01  0.138729836E+01  0.114950827E+01  0.114950827E+01 -0.130388398E+00  0.000000000E+00  0.000000000E+00  0.818151423E+02
    81  0.362000000E+00  0.113231088E+01  0.706710161E+03  0.138166003E+01  0.138166003E+01  0.114800932E+01  0.114800932E+01 -0.131117569E+00  0.000000000E+00  0.000000000E+00  0.820363406E+02
    82  0.364000000E+00  0.113564992E+01  0.706710161E+03  0.137601240E+01  0.137601240E+01  0.114650371E+01  0.114650371E+01 -0.131846750E+00  0.000000000E+00  0.000000000E+00  0.822549174E+02
    83  0.366000000E+00  0.113900912E+01  0.706710161E+03  0.137035598E+01  0.137035598E+01  0.114499155E+01  0.114499155E+01 -0.132575940E+00  0.883487412E-15 -0.176697482E-14  0.824708851E+02
    84  0.368000000E+00  0.114238848E+01  0.706710161E+03  0.136469131E+01  0.136469131E+01  0.114347293E+01  0.114347293E+01 -0.133305138E+00  0.000000000E+00 -0.176697482E-14  0.826842558E+02
    85  0.370000000E+00  0.114578800E+01  0.706710161E+03  0.135901892E+01  0.135901892E+01  0.114194794E+01  0.114194794E+01 -0.134034343E+00  0.000000000E+00  0.000000000E+00  0.828950422E+02
    86  0.372000000E+00  0.114920768E+01  0.706710161E+03  0.135333935E+01  0.135333935E+01  0.114041667E+01  0.114041667E+01 -0.134763555E+00  0.000000000E+00  0.000000000E+00  0.831032569E+02
    87  0.374000000E+00  0.115264752E+01  0.706710161E+03  0.134765314E+01  0.134765314E+01  0.113887924E+01  0.113887924E+01 -0.135492772E+00  0.000000000E+00  0.000000000E+00  0.833089125E+02
    88  0.376000000E+00  0.115610752E+01  0.706710161E+03  0.134196085E+01  0.134196085E+01  0.113733574E+01  0.113733574E+01 -0.136221994E+00  0.000000000E+00  0.000000000E+00  0.835120220E+02
    89  0.378000000E+00  0.115958768E+01  0.706710161E+03  0.133626301E+01  0.133626301E+01  0.113578627E+01  0.113578627E+01 -0.136951220E+00  0.176697482E-14  0.000000000E+00  0.837125984E+02
    90  0.380000000E+00  0.116308800E+01  0.706710161E+03  0.133056017E+01  0.133056017E+01  0.113423095E+01  0.113423095E+01 -0.137680449E+00  0.000000000E+00  0.000000000E+00  0.839106548E+02
    91  0.382000000E+00  0.116660848E+01  0.706710161E+03  0.132485290E+01  0.132485290E+01  0.113266987E+01  0.113266987E+01 -0.138409679E+00  0.000000000E+00  0.000000000E+00  0.841062042E+02
    92  0.384000000E+00  0.117014912E+01  0.706710161E+03  0.131914174E+01  0.131914174E+01  0.113110314E+01  0.113110314E+01 -0.139138912E+00  0.000000000E+00  0.000000000E+00  0.842992601E+02
    93  0.386000000E+00  0.117370992E+01  0.706710161E+03  0.131342726E+01  0.131342726E+01  0.112953088E+01  0.112953088E+01 -0.139868144E+00  0.000000000E+00  0.000000000E+00  0.844898359E+02
    94  0.388000000E+00  0.117729088E+01  0.706710161E+03  0.130771001E+01  0.130771001E+01  0.112795321E+01  0.112795321E+01 -0.140597377E+00  0.000000000E+00  0.000000000E+00  0.846779449E+02
    95  0.390000000E+00  0.118089200E+01  0.706710161E+03  0.130199055E+01  0.130199055E+01  0.112637022E+01  0.112637022E+01 -0.141326608E+00  0.000000000E+00  0.000000000E+00  0.848636009E+02
    96  0.392000000E+00  0.118451328E+01  0.706710161E+03  0.129626945E+01  0.129626945E+01  0.112478205E+01  0.112478205E+01 -0.142055837E+00  0.000000000E+00 -0.176697482E-14  0.850468174E+02
    97  0.394000000E+00  0.118815472E+01  0.706710161E+03  0.129054727E+01  0.129054727E+01  0.112318880E+01  0.112318880E+01 -0.142785064E+00  0.000000000E+00  0.000000000E+00  0.852276082E+02
    98  0.396000000E+00  0.119181632E+01  0.706710161E+03  0.128482457E+01  0.128482457E+01  0.112159060E+01  0.112159060E+01 -0.143514288E+00  0.000000000E+00  0.000000000E+00  0.854059872E+02
    99  0.398000000E+00  0.119549808E+01  0.706710161E+03  0.127910192E+01  0.127910192E+01  0.111998757E+01  0.111998757E+01 -0.144243507E+00  0.000000000E+00  0.000000000E+00  0.855819682E+02
   100  0.400000000E+00  0.119920000E+01  0.706710161E+03  0.127337989E+01  0.127337989E+01  0.111837983E+01  0.111837983E+01 -0.144972721E+00  0.000000000E+00  0.000000000E+00  0.857555652E+02
   101  0.402000000E+00  0.120292208E+01  0.706710161E+03  0.126765903E+01  0.126765903E+01  0.111676751E+01  0.111676751E+01 -0.145701930E+00  0.000000000E+00  0.000000000E+00  0.859267923E+02
   102  0.404000000E+00  0.120666432E+01  0.706710161E+03  0.126193993E+01  0.126193993E+01  0.111515073E+01  0.111515073E+01 -0.146431132E+00  0.883487412E-15  0.000000000E+00  0.860956636E+02
   103  0.406000000E+00  0.121042672E+01  0.706710161E+03  0.125622313E+01  0.125622313E+01  0.111352962E+01  0.111352962E+01 -0.147160327E+00  0.176697482E-14 -0.176697482E-14  0.862621932E+02
   104  0.408000000E+00  0.121420928E+01  0.706710161E+03  0.125050922E+01  0.125050922E+01  0.111190431E+01  0.111190431E+01 -0.147889514E+00  0.000000000E+00 -0.353394965E-14  0.864263955E+02
   105  0.410000000E+00  0.121801200E+01  0.706710161E+03  0.124479874E+01  0.124479874E+01  0.111027492E+01  0.111027492E+01 -0.148618693E+00  0.000000000E+00  0.000000000E+00  0.865882846E+02
   106  0.412000000E+00  0.122183488E+01  0.706710161E+03  0.123909227E+01  0.123909227E+01  0.110864160E+01  0.110864160E+01 -0.149347862E+00  0.000000000E+00  0.000000000E+00  0.867478750E+02
   107  0.414000000E+00  0.122567792E+01  0.706710161E+03  0.123339037E+01  0.123339037E+01  0.110700447E+01  0.110700447E+01 -0.150077022E+00  0.000000000E+00  0.000000000E+00  0.869051810E+02
   108  0.416000000E+00  0.122954112E+01  0.706710161E+03  0.122769360E+01  0.122769360E+01  0.110536367E+01  0.110536367E+01 -0.150806170E+00  0.883487412E-15  0.000000000E+00  0.870602171E+02
   109  0.418000000E+00  0.123342448E+01  0.706710161E+03  0.122200252E+01  0.122200252E+01  0.110371933E+01  0.110371933E+01 -0.151535308E+00  0.000000000E+00 -0.176697482E-14  0.872129977E+02
   110  0.420000000E+00  0.123732800E+01  0.706710161E+03  0.121631769E+01  0.121631769E+01  0.110207159E+01  0.110207159E+01 -0.152264433E+00  0.000000000E+00 -0.176697482E-14  0.873635373E+02
   111  0.422000000E+00  0.124125168E+01  0.706710161E+03  0.121063966E+01  0.121063966E+01  0.110042060E+01  0.110042060E+01 -0.152993546E+00  0.000000000E+00 -0.176697482E-14  0.875118507E+02
   112  0.424000000E+00  0.124519552E+01  0.706710161E+03  0.120496899E+01  0.120496899E+01  0.109876648E+01  0.109876648E+01 -0.153722646E+00  0.000000000E+00  0.000000000E+00  0.876579522E+02
   113  0.426000000E+00  0.124915952E+01  0.706710161E+03  0.119930622E+01  0.119930622E+01  0.109710938E+01  0.109710938E+01 -0.154451732E+00  0.000000000E+00  0.000000000E+00  0.878018566E+02
   114  0.428000000E+00  0.125314368E+01  0.706710161E+03  0.119365192E+01  0.119365192E+01  0.109544944E+01  0.109544944E+01 -0.155180803E+00  0.000000000E+00  0.000000000E+00  0.879435785E+02
   115  0.430000000E+00  0.125714800E+01  0.706710161E+03  0.118800661E+01  0.118800661E+01  0.109378681E+01  0.109378681E+01 -0.155909860E+00  0.000000000E+00 -0.530092447E-14  0.880831326E+02
   116  0.432000000E+00  0.126117248E+01  0.706710161E+03  0.118237085E+01  0.118237085E+01  0.109212162E+01  0.109212162E+01 -0.156638900E+00  0.883487412E-15 -0.176697482E-14  0.882205336E+02
   117  0.434000000E+00  0.126521712E+01  0.706710161E+03  0.117674517E+01  0.117674517E+01  0.109045402E+01  0.109045402E+01 -0.157367925E+00  0.000000000E+00 -0.176697482E-14  0.883557962E+02
   118  0.436000000E+00  0.126928192E+01  0.706710161E+03  0.117113011E+01  0.117113011E+01  0.108878416E+01  0.108878416E+01 -0.158096932E+00  0.000000000E+00  0.000000000E+00  0.884889352E+02
   119  0.438000000E+00  0.127336688E+01  0.706710161E+03  0.116552620E+01  0.116552620E+01  0.108711218E+01  0.108711218E+01 -0.158825922E+00  0.000000000E+00  0.000000000E+00  0.886199653E+02
   120  0.440000000E+00  0.127747200E+01  0.706710161E+03  0.115993397E+01  0.115993397E+01  0.108543823E+01  0.108543823E+01 -0.159554894E+00  0.000000000E+00  0.000000000E+00  0.887489013E+02
   121  0.442000000E+00  0.128159728E+01  0.706710161E+03  0.115435394E+01  0.115435394E+01  0.108376246E+01  0.108376246E+01 -0.160283848E+00  0.000000000E+00  0.000000000E+00  0.888757580E+02
   122  0.444000000E+00  0.128574272E+01  0.706710161E+03  0.114878663E+01  0.114878663E+01  0.108208501E+01  0.108208501E+01 -0.161012782E+00  0.176697482E-14 -0.176697482E-14  0.890005501E+02
   123  0.446000000E+00  0.128990832E+01  0.706710161E+03  0.114323256E+01  0.114323256E+01  0.108040604E+01  0.108040604E+01 -0.161741697E+00  0.883487412E-15 -0.176697482E-14  0.891232925E+02
   124  0.448000000E+00  0.129409408E+01  0.706710161E+03  0.113769223E+01  0.113769223E+01  0.107872568E+01  0.107872568E+01 -0.162470591E+00  0.000000000E+00  0.000000000E+00  0.892439999E+02
   125  0.450000000E+00  0.129830000E+01  0.706710161E+03  0.113216615E+01  0.113216615E+01  0.107704411E+01  0.107704411E+01 -0.163199465E+00  0.000000000E+00  0.000000000E+00  0.893626872E+02
   126  0.452000000E+00  0.130252608E+01  0.706710161E+03  0.112665482E+01  0.112665482E+01  0.107536145E+01  0.107536145E+01 -0.163928318E+00  0.000000000E+00  0.000000000E+00  0.894793692E+02
   127  0.454000000E+00  0.130677232E+01  0.706710161E+03  0.112115874E+01  0.112115874E+01  0.107367787E+01  0.107367787E+01 -0.164657149E+00  0.000000000E+00  0.000000000E+00  0.895940605E+02
   128  0.456000000E+00  0.131103872E+01  0.706710161E+03  0.111567838E+01  0.111567838E+01  0.107199351E+01  0.107199351E+01 -0.165385958E+00  0.000000000E+00  0.000000000E+00  0.897067761E+02
   129  0.458000000E+00  0.131532528E+01  0.706710161E+03  0.111021425E+01  0.111021425E+01  0.107030854E+01  0.107030854E+01 -0.166114744E+00  0.176697482E-14 -0.176697482E-14  0.898175306E+02
   130  0.460000000E+00  0.131963200E+01  0.706710161E+03  0.110476680E+01  0.110476680E+01  0.106862308E+01  0.106862308E+01 -0.166843507E+00  0.883487412E-15 -0.176697482E-14  0.899263390E+02
   131  0.462000000E+00  0.132395888E+01  0.706710161E+03  0.109933652E+01  0.109933652E+01  0.106693731E+01  0.106693731E+01 -0.167572247E+00  0.000000000E+00  0.000000000E+00  0.900332158E+02
   132  0.464000000E+00  0.132830592E+01  0.706710161E+03  0.109392387E+01  0.109392387E+01  0.106525137E+01  0.106525137E+01 -0.168300962E+00  0.000000000E+00  0.000000000E+00  0.901381759E+02
   133  0.466000000E+00  0.133267312E+01  0.706710161E+03  0.108852930E+01  0.108852930E+01  0.106356542E+01  0.106356542E+01 -0.169029654E+00  0.000000000E+00  0.000000000E+00  0.902412339E+02
   134  0.468000000E+00  0.133706048E+01  0.706710161E+03  0.108315328E+01  0.108315328E+01  0.106187960E+01  0.106187960E+01 -0.169758320E+00  0.000000000E+00  0.000000000E+00  0.903424046E+02
   135  0.470000000E+00  0.134146800E+01  0.706710161E+03  0.107779624E+01  0.107779624E+01  0.106019407E+01  0.106019407E+01 -0.170486961E+00  0.883487412E-15 -0.353394965E-14  0.904417027E+02
   136  0.472000000E+00  0.134589568E+01  0.706710161E+03  0.107245862E+01  0.107245862E+01  0.105850897E+01  0.105850897E+01 -0.171215576E+00  0.176697482E-14 -0.353394965E-14  0.905391428E+02
   137  0.474000000E+00  0.135034352E+01  0.706710161E+03  0.106714086E+01  0.106714086E+01  0.105682447E+01  0.105682447E+01 -0.171944165E+00  0.000000000E+00 -0.353394965E-14  0.906347395E+02
   138  0.476000000E+00  0.135481152E+01  0.706710161E+03  0.106184339E+01  0.106184339E+01  0.105514071E+01  0.105514071E+01 -0.172672728E+00  0.000000000E+00  0.000000000E+00  0.907285076E+02
   139  0.478000000E+00  0.135929968E+01  0.706710161E+03  0.105656660E+01  0.105656660E+01  0.105345785E+01  0.105345785E+01 -0.173401263E+00  0.000000000E+00  0.000000000E+00  0.908204614E+02
   140  0.480000000E+00  0.136380800E+01  0.706710161E+03  0.105131093E+01  0.105131093E+01  0.105177603E+01  0.105177603E+01 -0.174129772E+00  0.000000000E+00  0.000000000E+00  0.909106157E+02
   141  0.482000000E+00  0.136833648E+01  0.706710161E+03  0.104607677E+01  0.104607677E+01  0.105009540E+01  0.105009540E+01 -0.174858253E+00  0.000000000E+00  0.000000000E+00  0.909989848E+02
   142  0.484000000E+00  0.137288512E+01  0.706710161E+03  0.104086452E+01  0.104086452E+01  0.104841612E+01  0.104841612E+01 -0.175586705E+00  0.883487412E-15 -0.353394965E-14  0.910855834E+02
   143  0.486000000E+00  0.137745392E+01  0.706710161E+03  0.103567455E+01  0.103567455E+01  0.104673833E+01  0.104673833E+01 -0.176315130E+00  0.883487412E-15 -0.176697482E-14  0.911704258E+02
   144  0.488000000E+00  0.138204288E+01  0.706710161E+03  0.103050727E+01  0.103050727E+01  0.104506219E+01  0.104506219E+01 -0.177043526E+00  0.000000000E+00 -0.176697482E-14  0.912535266E+02
   145  0.490000000E+00  0.138665200E+01  0.706710161E+03  0.102536303E+01  0.102536303E+01  0.104338784E+01  0.104338784E+01 -0.177771892E+00  0.000000000E+00  0.000000000E+00  0.913349000E+02
   146  0.492000000E+00  0.139128128E+01  0.706710161E+03  0.102024220E+01  0.102024220E+01  0.104171543E+01  0.104171543E+01 -0.178500230E+00  0.000000000E+00  0.000000000E+00  0.914145604E+02
   147  0.494000000E+00  0.139593072E+01  0.706710161E+03  0.101514514E+01  0.101514514E+01  0.104004511E+01  0.104004511E+01 -0.179228538E+00  0.000000000E+00  0.000000000E+00  0.914925221E+02
   148  0.496000000E+00  0.140060032E+01  0.706710161E+03  0.101007219E+01  0.101007219E+01  0.103837703E+01  0.103837703E+01 -0.179956815E+00  0.176697482E-14  0.000000000E+00  0.915687994E+02
   149  0.498000000E+00  0.140529008E+01  0.706710161E+03  0.100502370E+01  0.100502370E+01  0.103671132E+01  0.103671132E+01 -0.180685063E+00  0.883487412E-15 -0.176697482E-14  0.916434065E+02
   150  0.500000000E+00  0.141000000E+01  0.706710161E+03  0.100000000E+01  0.100000000E+01  0.103504813E+01  0.103504813E+01 -0.181413280E+00  0.000000000E+00  0.000000000E+00  0.917163575E+02
   151  0.502000000E+00  0.141473008E+01  0.706710161E+03  0.995001409E+00  0.995001409E+00  0.103338762E+01  0.103338762E+01 -0.182141466E+00  0.000000000E+00  0.000000000E+00  0.917876667E+02
   152  0.504000000E+00  0.141948032E+01  0.706710161E+03  0.990028245E+00  0.990028245E+00  0.103172992E+01  0.103172992E+01 -0.182869621E+00  0.000000000E+00  0.000000000E+00  0.918573480E+02
   153  0.506000000E+00  0.142425072E+01  0.706710161E+03  0.985080815E+00  0.985080815E+00  0.103007516E+01  0.103007516E+01 -0.183597745E+00  0.000000000E+00  0.000000000E+00  0.919254155E+02
   154  0.508000000E+00  0.142904128E+01  0.706710161E+03  0.980159417E+00  0.980159417E+00  0.102842351E+01  0.102842351E+01 -0.184325837E+00  0.000000000E+00  0.000000000E+00  0.919918833E+02
   155  0.510000000E+00  0.143385200E+01  0.706710161E+03  0.975264343E+00  0.975264343E+00  0.102677508E+01  0.102677508E+01 -0.185053897E+00  0.883487412E-15 -0.353394965E-14  0.920567652E+02
   156  0.512000000E+00  0.143868288E+01  0.706710161E+03  0.970395873E+00  0.970395873E+00  0.102513003E+01  0.102513003E+01 -0.185781925E+00  0.000000000E+00 -0.176697482E-14  0.921200751E+02
   157  0.514000000E+00  0.144353392E+01  0.706710161E+03  0.965554281E+00  0.965554281E+00  0.102348849E+01  0.102348849E+01 -0.186509921E+00  0.000000000E+00  0.000000000E+00  0.921818269E+02
   158  0.516000000E+00  0.144840512E+01  0.706710161E+03  0.960739833E+00  0.960739833E+00  0.102185060E+01  0.102185060E+01 -0.187237884E+00  0.000000000E+00 -0.353394965E-14  0.922420343E+02
   159  0.518000000E+00  0.145329648E+01  0.706710161E+03  0.955952783E+00  0.955952783E+00  0.102021649E+01  0.102021649E+01 -0.187965814E+00  0.000000000E+00  0.000000000E+00  0.923007110E+02
   160  0.520000000E+00  0.145820800E+01  0.706710161E+03  0.951193381E+00  0.951193381E+00  0.101858629E+01  0.101858629E+01 -0.188693712E+00  0.000000000E+00  0.000000000E+00  0.923578708E+02
   161  0.522000000E+00  0.146313968E+01  0.706710161E+03  0.946461866E+00  0.946461866E+00  0.101696014E+01  0.101696014E+01 -0.189421576E+00  0.000000000E+00  0.000000000E+00  0.924135272E+02
   162  0.524000000E+00  0.146809152E+01  0.706710161E+03  0.941758468E+00  0.941758468E+00  0.101533817E+01  0.101533817E+01 -0.190149407E+00  0.000000000E+00 -0.353394965E-14  0.924676939E+02
   163  0.526000000E+00  0.147306352E+01  0.706710161E+03  0.937083409E+00  0.937083409E+00  0.101372051E+01  0.101372051E+01 -0.190877204E+00  0.000000000E+00  0.000000000E+00  0.925203841E+02
   164  0.528000000E+00  0.147805568E+01  0.706710161E+03  0.932436904E+00  0.932436904E+00  0.101210728E+01  0.101210728E+01 -0.191604967E+00  0.000000000E+00 -0.176697482E-14  0.925716116E+02
   165  0.530000000E+00  0.148306800E+01  0.706710161E+03  0.927819158E+00  0.927819158E+00  0.101049862E+01  0.101049862E+01 -0.192332697E+00  0.000000000E+00  0.000000000E+00  0.926213895E+02
   166  0.532000000E+00  0.148810048E+01  0.706710161E+03  0.923230367E+00  0.923230367E+00  0.100889465E+01  0.100889465E+01 -0.193060392E+00  0.000000000E+00  0.000000000E+00  0.926697312E+02
   167  0.534000000E+00  0.149315312E+01  0.706710161E+03  0.918670720E+00  0.918670720E+00  0.100729548E+01  0.100729548E+01 -0.193788053E+00  0.000000000E+00  0.000000000E+00  0.927166501E+02
   168  0.536000000E+00  0.149822592E+01  0.706710161E+03  0.914140397E+00  0.914140397E+00  0.100570125E+01  0.100570125E+01 -0.194515680E+00  0.000000000E+00  0.000000000E+00  0.927621591E+02
   169  0.538000000E+00  0.150331888E+01  0.706710161E+03  0.909639570E+00  0.909639570E+00  0.100411208E+01  0.100411208E+01 -0.195243272E+00  0.883487412E-15  0.000000000E+00  0.928062716E+02
   170  0.540000000E+00  0.150843200E+01  0.706710161E+03  0.905168402E+00  0.905168402E+00  0.100252807E+01  0.100252807E+01 -0.195970829E+00  0.000000000E+00 -0.353394965E-14  0.928490006E+02
   171  0.542000000E+00  0.151356528E+01  0.706710161E+03  0.900727048E+00  0.900727048E+00  0.100094936E+01  0.100094936E+01 -0.196698351E+00  0.000000000E+00  0.000000000E+00  0.928903590E+02
   172  0.544000000E+00  0.151871872E+01  0.706710161E+03  0.896315654E+00  0.896315654E+00  0.999376047E+00  0.999376047E+00 -0.197425839E+00  0.000000000E+00  0.000000000E+00  0.929303598E+02
   173  0.546000000E+00  0.152389232E+01  0.706710161E+03  0.891934360E+00  0.891934360E+00  0.997808254E+00  0.997808254E+00 -0.198153291E+00  0.000000000E+00  0.000000000E+00  0.929690159E+02
   174  0.548000000E+00  0.152908608E+01  0.706710161E+03  0.887583296E+00  0.887583296E+00  0.996246090E+00  0.996246090E+00 -0.198880708E+00  0.176697482E-14  0.000000000E+00  0.930063401E+02
   175  0.550000000E+00  0.153430000E+01  0.706710161E+03  0.883262584E+00  0.883262584E+00  0.994689665E+00  0.994689665E+00 -0.199608090E+00  0.883487412E-15  0.000000000E+00  0.930423451E+02
   176  0.552000000E+00  0.153953408E+01  0.706710161E+03  0.878972339E+00  0.878972339E+00  0.993139087E+00  0.993139087E+00 -0.200335436E+00  0.000000000E+00 -0.176697482E-14  0.930770436E+02
   177  0.554000000E+00  0.154478832E+01  0.706710161E+03  0.874712667E+00  0.874712667E+00  0.991594462E+00  0.991594462E+00 -0.201062747E+00  0.000000000E+00  0.000000000E+00  0.931104481E+02
   178  0.556000000E+00  0.155006272E+01  0.706710161E+03  0.870483667E+00  0.870483667E+00  0.990055894E+00  0.990055894E+00 -0.201790023E+00  0.000000000E+00  0.000000000E+00  0.931425713E+02
   179  0.558000000E+00  0.155535728E+01  0.706710161E+03  0.866285431E+00  0.866285431E+00  0.988523485E+00  0.988523485E+00 -0.202517262E+00 -0.883487412E-15  0.000000000E+00  0.931734257E+02
   180  0.560000000E+00  0.156067200E+01  0.706710161E+03  0.862118040E+00  0.862118040E+00  0.986997335E+00  0.986997335E+00 -0.203244466E+00  0.176697482E-14  0.000000000E+00  0.932030235E+02
   181  0.562000000E+00  0.156600688E+01  0.706710161E+03  0.857981570E+00  0.857981570E+00  0.985477543E+00  0.985477543E+00 -0.203971634E+00  0.176697482E-14  0.000000000E+00  0.932313771E+02
   182  0.564000000E+00  0.157136192E+01  0.706710161E+03  0.853876091E+00  0.853876091E+00  0.983964206E+00  0.983964206E+00 -0.204698766E+00  0.000000000E+00 -0.353394965E-14  0.932584988E+02
   183  0.566000000E+00  0.157673712E+01  0.706710161E+03  0.849801661E+00  0.849801661E+00  0.982457417E+00  0.982457417E+00 -0.205425862E+00  0.000000000E+00 -0.353394965E-14  0.932844008E+02
   184  0.568000000E+00  0.158213248E+01  0.706710161E+03  0.845758335E+00  0.845758335E+00  0.980957270E+00  0.980957270E+00 -0.206152922E+00  0.000000000E+00  0.000000000E+00  0.933090952E+02
   185  0.570000000E+00  0.158754800E+01  0.706710161E+03  0.841746158E+00  0.841746158E+00  0.979463853E+00  0.979463853E+00 -0.206879946E+00  0.000000000E+00  0.000000000E+00  0.933325940E+02
   186  0.572000000E+00  0.159298368E+01  0.706710161E+03  0.837765170E+00  0.837765170E+00  0.977977257E+00  0.977977257E+00 -0.207606934E+00  0.000000000E+00  0.000000000E+00  0.933549092E+02
   187  0.574000000E+00  0.159843952E+01  0.706710161E+03  0.833815401E+00  0.833815401E+00  0.976497567E+00  0.976497567E+00 -0.208333886E+00  0.883487412E-15  0.000000000E+00  0.933760528E+02
   188  0.576000000E+00  0.160391552E+01  0.706710161E+03  0.829896876E+00  0.829896876E+00  0.975024867E+00  0.975024867E+00 -0.209060801E+00  0.883487412E-15 -0.176697482E-14  0.933960365E+02
   189  0.578000000E+00  0.160941168E+01  0.706710161E+03  0.826009614E+00  0.826009614E+00  0.973559240E+00  0.973559240E+00 -0.209787681E+00  0.883487412E-15 -0.176697482E-14  0.934148721E+02
   190  0.580000000E+00  0.161492800E+01  0.706710161E+03  0.822153626E+00  0.822153626E+00  0.972100766E+00  0.972100766E+00 -0.210514524E+00  0.883487412E-15 -0.176697482E-14  0.934325713E+02
   191  0.582000000E+00  0.162046448E+01  0.706710161E+03  0.818328915E+00  0.818328915E+00  0.970649522E+00  0.970649522E+00 -0.211241331E+00  0.000000000E+00  0.000000000E+00  0.934491457E+02
   192  0.584000000E+00  0.162602112E+01  0.706710161E+03  0.814535480E+00  0.814535480E+00  0.969205586E+00  0.969205586E+00 -0.211968101E+00  0.000000000E+00  0.000000000E+00  0.934646068E+02
   193  0.586000000E+00  0.163159792E+01  0.706710161E+03  0.810773313E+00  0.810773313E+00  0.967769030E+00  0.967769030E+00 -0.212694835E+00  0.000000000E+00  0.000000000E+00  0.934789662E+02
   194  0.588000000E+00  0.163719488E+01  0.706710161E+03  0.807042398E+00  0.807042398E+00  0.966339927E+00  0.966339927E+00 -0.213421533E+00  0.000000000E+00  0.000000000E+00  0.934922351E+02
   195  0.590000000E+00  0.164281200E+01  0.706710161E+03  0.803342714E+00  0.803342714E+00  0.964918346E+00  0.964918346E+00 -0.214148195E+00  0.176697482E-14 -0.353394965E-14  0.935044251E+02
   196  0.592000000E+00  0.164844928E+01  0.706710161E+03  0.799674234E+00  0.799674234E+00  0.963504355E+00  0.963504355E+00 -0.214874821E+00  0.883487412E-15 -0.176697482E-14  0.935155472E+02
   197  0.594000000E+00  0.165410672E+01  0.706710161E+03  0.796036924E+00  0.796036924E+00  0.962098020E+00  0.962098020E+00 -0.215601410E+00  0.883487412E-15  0.000000000E+00  0.935256126E+02
   198  0.596000000E+00  0.165978432E+01  0.706710161E+03  0.792430747E+00  0.792430747E+00  0.960699404E+00  0.960699404E+00 -0.216327963E+00  0.000000000E+00  0.000000000E+00  0.935346326E+02
   199  0.598000000E+00  0.166548208E+01  0.706710161E+03  0.788855656E+00  0.788855656E+00  0.959308568E+00  0.959308568E+00 -0.217054479E+00  0.000000000E+00  0.000000000E+00  0.935426180E+02
   200  0.600000000E+00  0.167120000E+01  0.706710161E+03  0.785311602E+00  0.785311602E+00  0.957925572E+00  0.957925572E+00 -0.217780960E+00  0.000000000E+00  0.000000000E+00  0.935495798E+02
   201  0.602000000E+00  0.167693808E+01  0.706710161E+03  0.781798528E+00  0.781798528E+00  0.956550473E+00  0.956550473E+00 -0.218507404E+00  0.000000000E+00 -0.353394965E-14  0.935555290E+02
   202  0.604000000E+00  0.168269632E+01  0.706710161E+03  0.778316373E+00  0.778316373E+00  0.955183326E+00  0.955183326E+00 -0.219233812E+00  0.176697482E-14 -0.176697482E-14  0.935604763E+02
   203  0.606000000E+00  0.168847472E+01  0.706710161E+03  0.774865071E+00  0.774865071E+00  0.953824184E+00  0.953824184E+00 -0.219960184E+00  0.176697482E-14 -0.353394965E-14  0.935644325E+02
   204  0.608000000E+00  0.169427328E+01  0.706710161E+03  0.771444548E+00  0.771444548E+00  0.952473098E+00  0.952473098E+00 -0.220686520E+00  0.000000000E+00 -0.353394965E-14  0.935674082E+02
   205  0.610000000E+00  0.170009200E+01  0.706710161E+03  0.768054729E+00  0.768054729E+00  0.951130118E+00  0.951130118E+00 -0.221412820E+00  0.000000000E+00  0.000000000E+00  0.935694140E+02
   206  0.612000000E+00  0.170593088E+01  0.706710161E+03  0.764695532E+00  0.764695532E+00  0.949795290E+00  0.949795290E+00 -0.222139084E+00  0.000000000E+00  0.000000000E+00  0.935704604E+02
   207  0.614000000E+00  0.171178992E+01  0.706710161E+03  0.761366869E+00  0.761366869E+00  0.948468658E+00  0.948468658E+00 -0.222865312E+00  0.000000000E+00  0.000000000E+00  0.935705579E+02
   208  0.616000000E+00  0.171766912E+01  0.706710161E+03  0.758068650E+00  0.758068650E+00  0.947150266E+00  0.947150266E+00 -0.223591504E+00  0.000000000E+00  0.000000000E+00  0.935697168E+02
   209  0.618000000E+00  0.172356848E+01  0.706710161E+03  0.754800778E+00  0.754800778E+00  0.945840155E+00  0.945840155E+00 -0.224317660E+00  0.000000000E+00  0.000000000E+00  0.935679474E+02
   210  0.620000000E+00  0.172948800E+01  0.706710161E+03  0.751563154E+00  0.751563154E+00  0.944538363E+00  0.944538363E+00 -0.225043781E+00  0.000000000E+00 -0.176697482E-14  0.935652599E+02
   211  0.622000000E+00  0.173542768E+01  0.706710161E+03  0.748355672E+00  0.748355672E+00  0.943244928E+00  0.943244928E+00 -0.225769866E+00  0.000000000E+00 -0.176697482E-14  0.935616645E+02
   212  0.624000000E+00  0.174138752E+01  0.706710161E+03  0.745178224E+00  0.745178224E+00  0.941959883E+00  0.941959883E+00 -0.226495915E+00  0.000000000E+00  0.000000000E+00  0.935571712E+02
   213  0.626000000E+00  0.174736752E+01  0.706710161E+03  0.742030696E+00  0.742030696E+00  0.940683263E+00  0.940683263E+00 -0.227221929E+00  0.000000000E+00  0.000000000E+00  0.935517901E+02
   214  0.628000000E+00  0.175336768E+01  0.706710161E+03  0.738912972E+00  0.738912972E+00  0.939415097E+00  0.939415097E+00 -0.227947907E+00  0.883487412E-15  0.000000000E+00  0.935455310E+02
   215  0.630000000E+00  0.175938800E+01  0.706710161E+03  0.735824930E+00  0.735824930E+00  0.938155416E+00  0.938155416E+00 -0.228673850E+00  0.176697482E-14  0.000000000E+00  0.935384037E+02
   216  0.632000000E+00  0.176542848E+01  0.706710161E+03  0.732766447E+00  0.732766447E+00  0.936904245E+00  0.936904245E+00 -0.229399757E+00  0.176697482E-14 -0.353394965E-14  0.935304182E+02
   217  0.634000000E+00  0.177148912E+01  0.706710161E+03  0.729737393E+00  0.729737393E+00  0.935661611E+00  0.935661611E+00 -0.230125629E+00  0.000000000E+00 -0.176697482E-14  0.935215840E+02
   218  0.636000000E+00  0.177756992E+01  0.706710161E+03  0.726737637E+00  0.726737637E+00  0.934427537E+00  0.934427537E+00 -0.230851467E+00  0.000000000E+00 -0.176697482E-14  0.935119108E+02
   219  0.638000000E+00  0.178367088E+01  0.706710161E+03  0.723767045E+00  0.723767045E+00  0.933202044E+00  0.933202044E+00 -0.231577269E+00  0.000000000E+00  0.000000000E+00  0.935014082E+02
   220  0.640000000E+00  0.178979200E+01  0.706710161E+03  0.720825476E+00  0.720825476E+00  0.931985151E+00  0.931985151E+00 -0.232303036E+00  0.883487412E-15  0.000000000E+00  0.934900856E+02
   221  0.642000000E+00  0.179593328E+01  0.706710161E+03  0.717912791E+00  0.717912791E+00  0.930776878E+00  0.930776878E+00 -0.233028768E+00  0.000000000E+00  0.000000000E+00  0.934779524E+02
   222  0.644000000E+00  0.180209472E+01  0.706710161E+03  0.715028843E+00  0.715028843E+00  0.929577238E+00  0.929577238E+00 -0.233754465E+00  0.000000000E+00 -0.176697482E-14  0.934650181E+02
   223  0.646000000E+00  0.180827632E+01  0.706710161E+03  0.712173486E+00  0.712173486E+00  0.928386248E+00  0.928386248E+00 -0.234480128E+00  0.000000000E+00  0.000000000E+00  0.934512918E+02
   224  0.648000000E+00  0.181447808E+01  0.706710161E+03  0.709346569E+00  0.709346569E+00  0.927203919E+00  0.927203919E+00 -0.235205756E+00  0.000000000E+00 -0.353394965E-14  0.934367827E+02
   225  0.650000000E+00  0.182070000E+01  0.706710161E+03  0.706547939E+00  0.706547939E+00  0.926030263E+00  0.926030263E+00 -0.235931350E+00  0.000000000E+00  0.000000000E+00  0.934215001E+02
   226  0.652000000E+00  0.182694208E+01  0.706710161E+03  0.703777440E+00  0.703777440E+00  0.924865287E+00  0.924865287E+00 -0.236656910E+00  0.883487412E-15  0.000000000E+00  0.934054528E+02
   227  0.654000000E+00  0.183320432E+01  0.706710161E+03  0.701034913E+00  0.701034913E+00  0.923709001E+00  0.923709001E+00 -0.237382435E+00  0.000000000E+00  0.000000000E+00  0.933886500E+02
   228  0.656000000E+00  0.183948672E+01  0.706710161E+03  0.698320198E+00  0.698320198E+00  0.922561408E+00  0.922561408E+00 -0.238107926E+00  0.000000000E+00 -0.176697482E-14  0.933711004E+02
   229  0.658000000E+00  0.184578928E+01  0.706710161E+03  0.695633131E+00  0.695633131E+00  0.921422514E+00  0.921422514E+00 -0.238833383E+00  0.883487412E-15 -0.176697482E-14  0.933528131E+02
   230  0.660000000E+00  0.185211200E+01  0.706710161E+03  0.692973548E+00  0.692973548E+00  0.920292320E+00  0.920292320E+00 -0.239558806E+00  0.000000000E+00 -0.176697482E-14  0.933337966E+02
   231  0.662000000E+00  0.185845488E+01  0.706710161E+03  0.690341280E+00  0.690341280E+00  0.919170828E+00  0.919170828E+00 -0.240284196E+00  0.000000000E+00  0.000000000E+00  0.933140598E+02
   232  0.664000000E+00  0.186481792E+01  0.706710161E+03  0.687736159E+00  0.687736159E+00  0.918058037E+00  0.918058037E+00 -0.241009552E+00  0.000000000E+00  0.000000000E+00  0.932936113E+02
   233  0.666000000E+00  0.187120112E+01  0.706710161E+03  0.685158012E+00  0.685158012E+00  0.916953944E+00  0.916953944E+00 -0.241734874E+00  0.883487412E-15  0.000000000E+00  0.932724595E+02
   234  0.668000000E+00  0.187760448E+01  0.706710161E+03  0.682606666E+00  0.682606666E+00  0.915858546E+00  0.915858546E+00 -0.242460163E+00  0.000000000E+00 -0.176697482E-14  0.932506131E+02
   235  0.670000000E+00  0.188402800E+01  0.706710161E+03  0.680081947E+00  0.680081947E+00  0.914771837E+00  0.914771837E+00 -0.243185419E+00  0.265046223E-14 -0.353394965E-14  0.932280804E+02
   236  0.672000000E+00  0.189047168E+01  0.706710161E+03  0.677583678E+00  0.677583678E+00  0.913693811E+00  0.913693811E+00 -0.243910642E+00  0.883487412E-15 -0.176697482E-14  0.932048697E+02
   237  0.674000000E+00  0.189693552E+01  0.706710161E+03  0.675111680E+00  0.675111680E+00  0.912624459E+00  0.912624459E+00 -0.244635831E+00  0.000000000E+00 -0.353394965E-14  0.931809895E+02
   238  0.676000000E+00  0.190341952E+01  0.706710161E+03  0.672665774E+00  0.672665774E+00  0.911563772E+00  0.911563772E+00 -0.245360988E+00  0.000000000E+00  0.000000000E+00  0.931564478E+02
   239  0.678000000E+00  0.190992368E+01  0.706710161E+03  0.670245778E+00  0.670245778E+00  0.910511738E+00  0.910511738E+00 -0.246086112E+00  0.000000000E+00  0.000000000E+00  0.931312528E+02
   240  0.680000000E+00  0.191644800E+01  0.706710161E+03  0.667851511E+00  0.667851511E+00  0.909468346E+00  0.909468346E+00 -0.246811204E+00  0.000000000E+00  0.000000000E+00  0.931054126E+02
   241  0.682000000E+00  0.192299248E+01  0.706710161E+03  0.665482789E+00  0.665482789E+00  0.908433582E+00  0.908433582E+00 -0.247536263E+00  0.176697482E-14  0.000000000E+00  0.930789353E+02
   242  0.684000000E+00  0.192955712E+01  0.706710161E+03  0.663139427E+00  0.663139427E+00  0.907407429E+00  0.907407429E+00 -0.248261290E+00  0.883487412E-15 -0.353394965E-14  0.930518287E+02
   243  0.686000000E+00  0.193614192E+01  0.706710161E+03  0.660821239E+00  0.660821239E+00  0.906389873E+00  0.906389873E+00 -0.248986284E+00  0.000000000E+00 -0.176697482E-14  0.930241007E+02
   244  0.688000000E+00  0.194274688E+01  0.706710161E+03  0.658528038E+00  0.658528038E+00  0.905380896E+00  0.905380896E+00 -0.249711247E+00  0.000000000E+00  0.000000000E+00  0.929957592E+02
   245  0.690000000E+00  0.194937200E+01  0.706710161E+03  0.656259637E+00  0.656259637E+00  0.904380478E+00  0.904380478E+00 -0.250436178E+00  0.000000000E+00  0.000000000E+00  0.929668119E+02
   246  0.692000000E+00  0.195601728E+01  0.706710161E+03  0.654015848E+00  0.654015848E+00  0.903388599E+00  0.903388599E+00 -0.251161077E+00  0.000000000E+00  0.000000000E+00  0.929372665E+02
   247  0.694000000E+00  0.196268272E+01  0.706710161E+03  0.651796480E+00  0.651796480E+00  0.902405239E+00  0.902405239E+00 -0.251885945E+00  0.000000000E+00  0.000000000E+00  0.929071305E+02
   248  0.696000000E+00  0.196936832E+01  0.706710161E+03  0.649601345E+00  0.649601345E+00  0.901430375E+00  0.901430375E+00 -0.252610781E+00  0.176697482E-14 -0.176697482E-14  0.928764116E+02
   249  0.698000000E+00  0.197607408E+01  0.706710161E+03  0.647430252E+00  0.647430252E+00  0.900463983E+00  0.900463983E+00 -0.253335586E+00  0.265046223E-14 -0.353394965E-14  0.928451173E+02
   250  0.700000000E+00  0.198280000E+01  0.706710161E+03  0.645283009E+00  0.645283009E+00  0.899506039E+00  0.899506039E+00 -0.254060360E+00  0.883487412E-15 -0.176697482E-14  0.928132548E+02
   251  0.702000000E+00  0.198954608E+01  0.706710161E+03  0.643159426E+00  0.643159426E+00  0.898556517E+00  0.898556517E+00 -0.254785103E+00  0.000000000E+00  0.000000000E+00  0.927808317E+02
   252  0.704000000E+00  0.199631232E+01  0.706710161E+03  0.641059310E+00  0.641059310E+00  0.897615390E+00  0.897615390E+00 -0.255509815E+00  0.000000000E+00  0.000000000E+00  0.927478552E+02
   253  0.706000000E+00  0.200309872E+01  0.706710161E+03  0.638982469E+00  0.638982469E+00  0.896682631E+00  0.896682631E+00 -0.256234497E+00  0.000000000E+00  0.000000000E+00  0.927143325E+02
   254  0.708000000E+00  0.200990528E+01  0.706710161E+03  0.636928711E+00  0.636928711E+00  0.895758210E+00  0.895758210E+00 -0.256959148E+00  0.176697482E-14  0.000000000E+00  0.926802708E+02
   255  0.710000000E+00  0.201673200E+01  0.706710161E+03  0.634897843E+00  0.634897843E+00  0.894842098E+00  0.894842098E+00 -0.257683769E+00  0.000000000E+00 -0.176697482E-14  0.926456772E+02
   256  0.712000000E+00  0.202357888E+01  0.706710161E+03  0.632889672E+00  0.632889672E+00  0.893934265E+00  0.893934265E+00 -0.258408359E+00  0.000000000E+00 -0.353394965E-14  0.926105587E+02
   257  0.714000000E+00  0.203044592E+01  0.706710161E+03  0.630904005E+00  0.630904005E+00  0.893034678E+00  0.893034678E+00 -0.259132920E+00  0.000000000E+00  0.000000000E+00  0.925749224E+02
   258  0.716000000E+00  0.203733312E+01  0.706710161E+03  0.628940649E+00  0.628940649E+00  0.892143305E+00  0.892143305E+00 -0.259857451E+00  0.000000000E+00  0.000000000E+00  0.925387751E+02
   259  0.718000000E+00  0.204424048E+01  0.706710161E+03  0.626999411E+00  0.626999411E+00  0.891260112E+00  0.891260112E+00 -0.260581953E+00  0.000000000E+00  0.000000000E+00  0.925021237E+02
   260  0.720000000E+00  0.205116800E+01  0.706710161E+03  0.625080099E+00  0.625080099E+00  0.890385066E+00  0.890385066E+00 -0.261306424E+00  0.176697482E-14  0.000000000E+00  0.924649749E+02
   261  0.722000000E+00  0.205811568E+01  0.706710161E+03  0.623182519E+00  0.623182519E+00  0.889518132E+00  0.889518132E+00 -0.262030867E+00  0.176697482E-14  0.000000000E+00  0.924273356E+02
   262  0.724000000E+00  0.206508352E+01  0.706710161E+03  0.621306479E+00  0.621306479E+00  0.888659272E+00  0.888659272E+00 -0.262755280E+00  0.176697482E-14 -0.176697482E-14  0.923892124E+02
   263  0.726000000E+00  0.207207152E+01  0.706710161E+03  0.619451787E+00  0.619451787E+00  0.887808452E+00  0.887808452E+00 -0.263479665E+00  0.000000000E+00 -0.353394965E-14  0.923506119E+02
   264  0.728000000E+00  0.207907968E+01  0.706710161E+03  0.617618250E+00  0.617618250E+00  0.886965633E+00  0.886965633E+00 -0.264204020E+00  0.000000000E+00 -0.176697482E-14  0.923115406E+02
   265  0.730000000E+00  0.208610800E+01  0.706710161E+03  0.615805677E+00  0.615805677E+00  0.886130777E+00  0.886130777E+00 -0.264928347E+00  0.000000000E+00  0.000000000E+00  0.922720052E+02
   266  0.732000000E+00  0.209315648E+01  0.706710161E+03  0.614013877E+00  0.614013877E+00  0.885303846E+00  0.885303846E+00 -0.265652646E+00  0.883487412E-15  0.000000000E+00  0.922320119E+02
   267  0.734000000E+00  0.210022512E+01  0.706710161E+03  0.612242657E+00  0.612242657E+00  0.884484800E+00  0.884484800E+00 -0.266376916E+00  0.883487412E-15  0.000000000E+00  0.921915672E+02
   268  0.736000000E+00  0.210731392E+01  0.706710161E+03  0.610491828E+00  0.610491828E+00  0.883673599E+00  0.883673599E+00 -0.267101158E+00  0.883487412E-15 -0.176697482E-14  0.921506774E+02
   269  0.738000000E+00  0.211442288E+01  0.706710161E+03  0.608761200E+00  0.608761200E+00  0.882870202E+00  0.882870202E+00 -0.267825373E+00  0.883487412E-15 -0.176697482E-14  0.921093487E+02
   270  0.740000000E+00  0.212155200E+01  0.706710161E+03  0.607050582E+00  0.607050582E+00  0.882074567E+00  0.882074567E+00 -0.268549559E+00  0.000000000E+00 -0.353394965E-14  0.920675875E+02
   271  0.742000000E+00  0.212870128E+01  0.706710161E+03  0.605359787E+00  0.605359787E+00  0.881286654E+00  0.881286654E+00 -0.269273718E+00  0.000000000E+00 -0.353394965E-14  0.920253998E+02
   272  0.744000000E+00  0.213587072E+01  0.706710161E+03  0.603688626E+00  0.603688626E+00  0.880506419E+00  0.880506419E+00 -0.269997849E+00  0.000000000E+00  0.000000000E+00  0.919827916E+02
   273  0.746000000E+00  0.214306032E+01  0.706710161E+03  0.602036910E+00  0.602036910E+00  0.879733819E+00  0.879733819E+00 -0.270721953E+00  0.000000000E+00  0.000000000E+00  0.919397692E+02
   274  0.748000000E+00  0.215027008E+01  0.706710161E+03  0.600404453E+00  0.600404453E+00  0.878968810E+00  0.878968810E+00 -0.271446030E+00  0.000000000E+00  0.000000000E+00  0.918963383E+02
   275  0.750000000E+00  0.215750000E+01  0.706710161E+03  0.598791068E+00  0.598791068E+00  0.878211350E+00  0.878211350E+00 -0.272170081E+00  0.176697482E-14 -0.530092447E-14  0.918525051E+02
   276  0.752000000E+00  0.216475008E+01  0.706710161E+03  0.597196571E+00  0.597196571E+00  0.877461392E+00  0.877461392E+00 -0.272894104E+00  0.000000000E+00 -0.353394965E-14  0.918082752E+02
   277  0.754000000E+00  0.217202032E+01  0.706710161E+03  0.595620775E+00  0.595620775E+00  0.876718893E+00  0.876718893E+00 -0.273618101E+00  0.000000000E+00  0.000000000E+00  0.917636546E+02
   278  0.756000000E+00  0.217931072E+01  0.706710161E+03  0.594063496E+00  0.594063496E+00  0.875983806E+00  0.875983806E+00 -0.274342071E+00  0.000000000E+00  0.000000000E+00  0.917186490E+02
   279  0.758000000E+00  0.218662128E+01  0.706710161E+03  0.592524553E+00  0.592524553E+00  0.875256086E+00  0.875256086E+00 -0.275066016E+00  0.000000000E+00  0.000000000E+00  0.916732642E+02
   280  0.760000000E+00  0.219395200E+01  0.706710161E+03  0.591003761E+00  0.591003761E+00  0.874535687E+00  0.874535687E+00 -0.275789934E+00  0.000000000E+00  0.000000000E+00  0.916275057E+02
   281  0.762000000E+00  0.220130288E+01  0.706710161E+03  0.589500940E+00  0.589500940E+00  0.873822562E+00  0.873822562E+00 -0.276513826E+00  0.883487412E-15 -0.176697482E-14  0.915813792E+02
   282  0.764000000E+00  0.220867392E+01  0.706710161E+03  0.588015909E+00  0.588015909E+00  0.873116664E+00  0.873116664E+00 -0.277237693E+00  0.000000000E+00 -0.176697482E-14  0.915348902E+02
   283  0.766000000E+00  0.221606512E+01  0.706710161E+03  0.586548488E+00  0.586548488E+00  0.872417945E+00  0.872417945E+00 -0.277961535E+00  0.000000000E+00 -0.353394965E-14  0.914880443E+02
   284  0.768000000E+00  0.222347648E+01  0.706710161E+03  0.585098499E+00  0.585098499E+00  0.871726359E+00  0.871726359E+00 -0.278685351E+00  0.000000000E+00 -0.176697482E-14  0.914408468E+02
   285  0.770000000E+00  0.223090800E+01  0.706710161E+03  0.583665763E+00  0.583665763E+00  0.871041857E+00  0.871041857E+00 -0.279409141E+00  0.000000000E+00  0.000000000E+00  0.913933032E+02
   286  0.772000000E+00  0.223835968E+01  0.706710161E+03  0.582250104E+00  0.582250104E+00  0.870364392E+00  0.870364392E+00 -0.280132907E+00  0.000000000E+00  0.000000000E+00  0.913454188E+02
   287  0.774000000E+00  0.224583152E+01  0.706710161E+03  0.580851346E+00  0.580851346E+00  0.869693914E+00  0.869693914E+00 -0.280856649E+00  0.000000000E+00  0.000000000E+00  0.912971989E+02
   288  0.776000000E+00  0.225332352E+01  0.706710161E+03  0.579469315E+00  0.579469315E+00  0.869030375E+00  0.869030375E+00 -0.281580365E+00  0.883487412E-15 -0.353394965E-14  0.912486487E+02
   289  0.778000000E+00  0.226083568E+01  0.706710161E+03  0.578103836E+00  0.578103836E+00  0.868373726E+00  0.868373726E+00 -0.282304057E+00  0.000000000E+00 -0.353394965E-14  0.911997735E+02
   290  0.780000000E+00  0.226836800E+01  0.706710161E+03  0.576754736E+00  0.576754736E+00  0.867723918E+00  0.867723918E+00 -0.283027725E+00  0.000000000E+00  0.000000000E+00  0.911505783E+02
   291  0.782000000E+00  0.227592048E+01  0.706710161E+03  0.575421845E+00  0.575421845E+00  0.867080901E+00  0.867080901E+00 -0.283751369E+00  0.000000000E+00  0.000000000E+00  0.911010683E+02
   292  0.784000000E+00  0.228349312E+01  0.706710161E+03  0.574104992E+00  0.574104992E+00  0.866444627E+00  0.866444627E+00 -0.284474989E+00  0.000000000E+00 -0.176697482E-14  0.910512486E+02
   293  0.786000000E+00  0.229108592E+01  0.706710161E+03  0.572804007E+00  0.572804007E+00  0.865815045E+00  0.865815045E+00 -0.285198585E+00  0.000000000E+00 -0.530092447E-14  0.910011240E+02
   294  0.788000000E+00  0.229869888E+01  0.706710161E+03  0.571518723E+00  0.571518723E+00  0.865192107E+00  0.865192107E+00 -0.285922158E+00  0.176697482E-14 -0.176697482E-14  0.909506996E+02
   295  0.790000000E+00  0.230633200E+01  0.706710161E+03  0.570248971E+00  0.570248971E+00  0.864575761E+00  0.864575761E+00 -0.286645708E+00  0.883487412E-15  0.000000000E+00  0.908999802E+02
   296  0.792000000E+00  0.231398528E+01  0.706710161E+03  0.568994587E+00  0.568994587E+00  0.863965957E+00  0.863965957E+00 -0.287369234E+00  0.000000000E+00 -0.176697482E-14  0.908489708E+02
   297  0.794000000E+00  0.232165872E+01  0.706710161E+03  0.567755404E+00  0.567755404E+00  0.863362647E+00  0.863362647E+00 -0.288092737E+00  0.000000000E+00 -0.176697482E-14  0.907976760E+02
   298  0.796000000E+00  0.232935232E+01  0.706710161E+03  0.566531261E+00  0.566531261E+00  0.862765778E+00  0.862765778E+00 -0.288816218E+00  0.000000000E+00  0.000000000E+00  0.907461007E+02
   299  0.798000000E+00  0.233706608E+01  0.706710161E+03  0.565321993E+00  0.565321993E+00  0.862175302E+00  0.862175302E+00 -0.289539676E+00  0.000000000E+00 -0.353394965E-14  0.906942496E+02
   300  0.800000000E+00  0.234480000E+01  0.706710161E+03  0.564127440E+00  0.564127440E+00  0.861591168E+00  0.861591168E+00 -0.289539676E+00  0.000000000E+00 -0.353394965E-14  0.906421274E+02
